50.000000000  0.000003475  0.000008951
53.300000000  0.000003275  0.000006702
56.800000000  0.000003939  0.000009381
60.400000000  0.000002204  0.000007608
64.300000000  0.000003147  0.000009400
68.300000000  0.000109483  0.000010007
72.500000000  0.000211647  0.000014974
76.800000000  0.000201538  0.000012971
81.300000000  0.000143275  0.000029296
86.100000000  0.000132489  0.000032044
91.100000000  0.000129822  0.000024817
96.500000000  0.000099684  0.000023837
102.000000000  0.000079962  0.000023740
107.800000000  0.000068047  0.000018466
113.800000000  0.000063051  0.000017216
120.100000000  0.000058314  0.000014028
126.800000000  0.000048296  0.000009584
133.700000000  0.000043137  0.000010411
140.900000000  0.000039452  0.000009735
148.500000000  0.000037413  0.000009579
156.500000000  0.000034313  0.000008107
164.700000000  0.000028863  0.000006872
173.400000000  0.000029269  0.000005687
182.500000000  0.000026176  0.000006486
192.100000000  0.000027602  0.000006904
200.000000000  0.000028292  0.000008808
