
<simulation threading='True' verbosity='medium'>
   <output prefix='simulation'>
      <properties stride='100'> [ step, time{femtosecond}, conserved, temperature{kelvin}, 
            potential, virial_fq, kinetic_td, boson_profiling ] </properties>
      <trajectory stride='100' filename='pos' cell_units='angstrom'>positions{angstrom}</trajectory>
   </output>
   
   <total_steps> 500 </total_steps>
  
   <ffsocket mode='unix' name='driver' pbc='true'>
        <address> 75ddd7f2a2c525f1eed6ff137a4417c4775a876c </address>
   </ffsocket>
   <prng>
      <seed> 18885 </seed>
   </prng>
   <system>
      <forces> 
          <force forcefield='driver'></force>
      </forces>
      <initialize nbeads='32'>
	<positions mode="manual" bead="0"> [100, 37, -74, -5, 26, -64, 24, 59, 54, -17, 41, -90, -1, -69, -11, 72, 31, -37, 80, 44, 33, -39, -17, -3, 34, -100, -64, -15, 90, 77, -54, -10, 44, 15, 32, -99, 40, -51, -96, 56, 29, -45, 61, -21, -62, 36, 60, 7, 26, -85, -60, 51, 25, 87, -54, 0, 91, -13, 28, 15, 21, -77, -77, 25, -44, -16, -23, -19, -49, 37, -61, 64, 81, 66, 0, -6, 65, 86, 38, -77, -33, -3, -12, 17, -50, 7, -13, -10, 9, -99, 74, -94, 62, -90, -73, -7, 63, -35, 21, 27, 12, -85, 44, 51, 90, 55, 17, 99, 68, -46, -12, 30, -8, 11, -31, 6, 10, 19, 19, 33, 69, -94, -45, -67, 19, -72, 83, 54, 25, -15, -99, -75, -32, 74, -78, 13, -46, 16, 84, -85, 46, 51, -89, 67, -56, -71, 78, 6, -89, 59, 58, 61, -4, 37, -28, 56, 90, -98, -85, -23, 72, -18, 17, 72, 77, -25, 24, -93, 52, 58, 11, 75, 82, 74, -45, 53, 29, 34, -45, 59, -52, -35, -78, -94, -3, 58, 53, -37, 68, 78, -13, 38, -50, -41, 17, -63, -54, -34, 42, 30, -16, -55, 77, -12, 62, 56, -91, -60, 19, -44, -39, 14, -3, 15, 95, -19, -6, 29, -64, 29, 18, 65, -81, -99, -81, -51, 77, -37, -65, -78, 75, -87, -42, 39, 76, 53, 59, 85, -68, 78, 34, 21, -63, 2, -21, 95, -33, -98, -9, 66, 3, -43, -58, -54, -18, -55, 51, 73, 81, -27, 85, 6, 25, -78, -22, -93, -71, 36, -6, -61, 46, 32, -54, 36, -3, -20, 99, -16, -94, 9, -93, -9, 39, 88, -53, -64, -7, 22, 64, 3, 56, -56, -2, -45, -33, -86, -10, 48, -15, 67, -25, -43, -94, -37, 98, 64, 19, -77, -77, -10, 93, 51, 18, -15, 76, 28, -9, -83, 56, 51, -56, -95, -92, -59, -79, -13, -40, -83, 76, 32, 28, -25, -95, 56, 74, -82, 41, -15, 90, 54, -48, 47, -68, 35, -26, 31, -47, 62, 32, -89, 55, 18, 22, 8, 7, 12, -95, 94, 32, -22, 53, -76, 54, -14, -26, 44, -61, -42, 70, 84, 76, -46, -7, -4, 64, -12, 68, -84, -87, 13, 91, -71, -46, 65, -30, 28, -33, 81, -70, -99, 29, 32, 42, -39, -20, -21, -13, -70, -100, -9, 40, 8, 51, -34, 29, -22, -15, -74, 32, -45, -93, -79, -40, -29, -3, 35, -62, 24, -74, 55, 53, -37, 23, 99, -9, -31, -52, -24, 35, 33, -84, 25, -41, -11, -63, 50, -99, -54, 82, -42, -25, 97, 1, -84, -36, -76, -99, 66, 97, 28, -49, -50, 92, -8, -86, -67, -49, -52, 83, -40, -59, 47, -63, 82, 74, -61, 41, 56, 78, 29, -96, 100, -35, 23, 75, 17, -75, -99, -5, 57, -52, 24, -45, 76, -85, -90, -86, -54, 47, 3, -6, -7, 77, -20, 41, 80, -5, -82, 24, 38, 2, 9, -51, -53, -45, 6, -81, 88, 18, 58, -9, -16, -83, -85, 46, 74, 11, -46, 34, 68, -53, -15, 77, 99, -96, 25, 4, -27, 37, 94, 64, 14, 58, 48, -30, -79, 91, 54, -67, 39, -55, 24, 30, 73, 72, 18, -70, 0, 29, -34, 14, 31, -84, -7, 83, 95, -47, 33, 67, 2, 73, 23, -91, 16, 69, 89, 49, -30, 93, 59, -98, 7, -25, 35, -18, 23, -33, -43, -46, 93, 40, 32, 63, -25, 94, 28, 29, 97, 77, 46, 72, 14, 17, 93, 5, 61, -67, -89, 70, -93, -72, -29, -89, 37, -39, 48, -33, 93, -61, 61, -77, -33, 45, 22, -92, -73, -93, 90, 52, -1, 51, 38, 33, 25, -14, 85, -28, 64, 66, -10, 32, 2, 0, 70, -62, -2, 48, 91, -12, 95, -56, 19, -64, -1, 23, -51, -14, -21, -6, -4, 35, -4, -41, -33, 55, -60, -56, -29, -55, 46, -22, 86, 85, 98, 8, 63, -55, -17, -18, -70, -19, 58, 61, -86, 73, -37, -2, -49, 57, 58, -99, 45, 11, -76, 54, -82, -54, 53, -42, -5, 53, -68, 55, 66, -93, 34, 11, -11, 15, -9, -64, 71, -23, 35, -23, 27, 56, 44, -40, -87, -41, -15, -47, 77, -23, 15, -35, 65, -40, 85, 97, -21, -31, 39, 14, 43, 0, 79, -47, -10, -100, -67, -13, -37, 50, -84, -3, 65, -38, 7, 7, -59, 16, -12, 85, 20, -17, 42, 44, 100, -20, -55, 14, 99, 43, -32, -2, 8, -84, -42, 68, 12, 21, -34, -82, 12, -24, 89, -34, 77, -53, 65, 38, -14, -29, 41, 26, -98, 27, 73, 78, 19, 34, 55, 36, -37, -47, 42, -72, -60, 62, -96, -60, -4, -2, 59, 18, 0, 96, 81, -6, -29, 76, -84, -71, 67, -55, -81, -97, 100, -39, 25, 82, -98, -38, 22, 12, 79, -38, -2, 8, -44, 24, -100, 24, 100, -26, -69, 50, -93, 83, 97, -74, 85, 32, -100, 86, 8, 69, -69, -40, 79, 97, 66, 93, -52, -33, -64, -56, -39, -21, -26, 45, -52, 81, -92, 100, 23, -46, -34, -70, 42, 9, 0, -64, -82, 73, 58, 39, -92, -100, 70, -86, -20, -14, -21, 21, 5, 29, 98, 8, 24, -93, -2, 39, -72, -72, 24, 31, 92, -24, 82, -49, -32, 94, -75, -66, 1, -67, 90, -52, 8, -1, 4, -84, 54, -65, -38, 15, 28, -19, -39, 30, 51, 33, -39, 94, -67, -85, -71, -95, 25, 22, 73, -63, -19, -78, 37, -81, -28, -96, -68, 47, 35, -13, 44, -73, -21, 82, -2, -65, 43, 50, -77, 75, 100, -26, -91, -72, 90, 49, 74, -84, 100, -47, -61, 2, 35, 13, 97, 61, -29, 2, 51, -2, 49, -62, 88, -9, 25, -90, 55, 25, 25, -46, -75, 43, -12, 51, 26, -46, 8, 1, -93, 6, -96, -81, -58, 68, 90, 51, 51, -28, -32, -96, -54, 80, 22, 0, -73, 16, -16, 7, 93, -24, -70, -66, -5, -60, -19, 72, -83, -92, 100, 32, 5, 63, -95, -6, -84, -21, -86, -71, -66, -16, -14, 21, -4, 84, -17, -1, 39, -81, 13, -35, 49, -46, -23, 42, -55, 9, -63, -38, 29, 74, 38, 15, -60, -43, 85, -4, 19, -31, 80, -8, 93, -49, -49, -81, -35, -93, 48, 32, 39, -28, 4, 91, 70, 75, -87, -29, -3, 89, 83, -15, -60, 62, 27, 53, 58, -5, 83, -20, -87, -72, -31, 27, -71, -38, 24, 100, -71, -5, -92, 53, -26, -57, 5, -12, -15, 70, -31, -50, 82, -89, -24, 73, -54, -23, -17, -37, -36, 46, 33, -33, -11, 24, 25, 36, 61, 53, 65, 98, 95, -86, -100, -40, 19, -24, -83, 28, 91, 75, 26, -84, -33, -77, -95, -92, 69, -42, -52, 78, -24, -28, 11, -79, -100, -79, 42, -46, -18, 85, -67, -25, -50, 100, -21, -40, -54, 39, -13, -82, 91, 62, -53, -80, 76, -46, 80, 27, -73, -30, -32, 98, 7, 71, -66, -46, -15, -77, 33, 36, 36, 15, 51, 90, 62, 63, -86, 48, -100, -16, 5, -74, 15, 69, 47, 88, 73, -80, -14, -30, -20, 41, 69, 24, 11, -47, 73, -24, -19, -60, -62, 52, 89, 12, 59, -63, 66, 11, -32, -38, 32, 56, 14, 12, -95, -26, -13, 1, -36, 9, -54, 1, -66, -86, 45, -79, 53, -30, 74, -53, 98, 35, -16, -50, 9, 77, 84, -20, -51, 52, -47, -93, -58, -42, 18, 100, -81, -49, 84, -31, -45, -76, -32, 61, -15, -21, 32, 2, 64, 28, -24, -22, 40, -88, 2, 30, -7, -53, -8, 59, -34, 16, 96, -5, 7, -51, 22, -8, -33, -46, 86, -79, -45, -81, 53, 91, -21, -26, -78, 37, 45, 92, 58, -34, 8, -2, 46, -97, -83, -7, -66, -57, 14, 21, 38, 47, 40, -81, -26, 87, 11, -91, 4, -45, 74, 78, 28, -38, 8, -5, 59, 50, 33, 99, 22, -65, 91, 62, -51, 79, 95, 78, 2, 82, -57, 32, -75, -97, 15, 19, -3, 87, 97, 91, 9, -68, 55, 13, -72, -83, -92, 63, -40, -9, -82, 52, 38, 59, 49, 8, -91, -87, 0, -80, 64, 21, 100, 4, 99, 40, -59, -17, 59, 73, 2, 15, 48, 96, -27, 31, 17, -75, 16, -26, -59, 28, 40, 44, 23, 63, -99, 71, -64, 95, 77, 42, -32, -1, -11, 88, -14, 39, 38, 83, 65, 25, -59, -45, -63, -22, 80, 93, -79, -93, 59, -37, 46, -43, -25, -20, 56, -13, -95, 99, -34, 87, 46, -38, 37, 22, -86, 96, 4, -84, -28, -95, -39, -47, -64, 87, 30, 7, 24, 43, -58, -90, -54, 67, -69, 9, 36, 100, 51, -32, -13, -67, -63, 19, 61, 97, 82, -40, 77, 38, -49, 18, -39, -27, -69, 67, 43, 66, 3, -55, -43, -7, 1, -98, -33, 23, 28, -90, -75, -97, 10, -74, -43, 78, -40, 79, -76, -96, 17, -12, -54, 32, 35, -56, 68, -75, -96, -93, 38, -85, 100, -44, -31, 46, -89, -45, 26, -6, 76, -88, 1, -76, -81, -84, 73, 35, -7, -16, 74, 36, -13, 89, 85, -4, -93, 87, 94, 59, 44, 11, -58, 23, -70, -55, -24, 60, 10, -78, 10, 75, -55, 18, -51, 15, -56, -32, -60, 85, 4, -99, 78, 22, 54, 7, -37, 10, -13, -5, 43, 32, 77, -6, 78, 61, 4, 77, -5, 48, 21, 78, -95, 83, -58, 19, 90, -32, 48, -94, -70, -19, 15, -52, 52, 73, -12, -16, -32, 14, -85, -3, -12, -42, 41, 38, -86, -92, -88, 14, -16, 85, 32, -77, -83, 68, -85, -3, -62, -75, -7, 100, -60, 12, 93, -72, -6, 19, 26, 48, 21, -83, 97, 46, -33, -37, -26, 45, -21, 6, 27, 97, 74, -42, 71, -35, -17, 81, -32, 16, 79, -83, 36, -58, 47, -79, -24, -47, -11, 10, 0, 100, 50, -18, 28, -87, 69, -72, -71, 3, -17, 50, 82, -8, 76, -12, -60, -87, 63, 100, 55, 42, 97, -60, -30, -83, 39, -26, 17, 60, 37, 57, -33, 41, 60, 91, -73, -40, 62, 65, -95, -85, 45, 66, -39, 8, -10, -32, 82, 26, 13, 83, 77, -4, -6, -64, 51, 52, 17, 44, 24, 7, -5, 47, 76, 16, -68, -62, -69, 67, -81, -29, 43, -74, 96, -59, -37, 47, -85, 64, 18, -64, -71, -75, -49, 87, -39, 60, -85, 20, -21, -100, 60, 98, 55, 35, -8, 47, 39, 16, -57, 93, -5, -82, -55, -42, -30, -89, 34, 74, 3, -49, -79, -56, -18, -7, 51, -89, 14, -21, 1, -50, -82, -95, 16, -55, -49, -31, 96, -54, 56, 42, -36, 73, 62, 47, -5, -20, 8, 72, 44, -28, 32, -68, -5, -42, -12, -12, 84, -77, 41, -66, -54, 34, 37, 91, 86, -79, -78, 82, 76, -60, -70, 62, 54, 43, -95, -67, 94, 83, -92, -53, -97, -83, -35, -28, 72, 100, 88, 97, -85, 39, -14, -97, -98, 48, -63, 69, -39, 38, -26, 87, 93, -100, -70, 46, -12, 25, 16, 36, -55, -12, -3, 6, 75, -37, -96, -40, -33, 73, -75, -84, 73, 1, -14, 77, 62, 2, -25, -37, 46, -36, -52, 30, 47, -74, -40, -41, -77, -21, -42, 21, 78, 45, -27, -82, 88, 61, -60, -10, -28, 49, 29, -16, -100, 21, -54, -88, 72, 36, 27, 69, 54, -42, -47, -93, 35, 86, -56, 16, 90, -84, 80, -7, 10, 19, -66, -49, -72, -26, 49, 62, -6, 32, 96, 88, 73, 34, 84, -91, 76, -72, 93, 72, -47, -85, 27, -4, 74, 54, -8, 37, -86, 87, 74, -59, 2, 5, 33, 52, -73, -37, 40, -71, 29, -72, -16, -82, 49, -97, 38, 48, 85, -46, -85, 3, -14, -21, 47, 30, -17, -44, 49, 61, 75, 74, 58, 1, -97, -53, 40, -77, -76, 25, 8, 8, 47, -32, 42, 35, -8, 90, 27, -50, -89, -46, -57, -71, -57, -62, 73, -86, -75, -22, -75, 94, -63, 85, 14, -61, 38, -54, -98, 61, 6, 89, -38, -29, -36, 11, 86, 67, -79, 1, -85, -64, 74, 97, 13, 6, -94, -67, -16, -88, -23, -52, 56, 60, 36, 4, -100, -15, 98, 41, 34, -79, 54, 26, -76, 79, 72, 28, -1, 9, 62, -87, 28, 12, -11, 59, -15, -60, 32, -22, 15, -11, 43, 36, -29, -23, 51, 42, 26, -21, 31, 4, -72, -81, 74, 72, -43, -84, -44, 90, -68, -77, -9, 83, -93, -73, 43, 75, 76, -15, -24, 41, -2, 40, 62, 94, -45, -28, -67, -21, -37, -39, -4, -50, -25, -5, -60, 35, 6, -86, 87, 17, 25, 31, -7, -85, -9, -90, -81, 9, 94, -69, 56, -86, 48, -71, 43, -28, 37, 31, 67, 52, -63, -59, -96, 91, 36, -9, -16, -27, 29, -24, 34, 4, -70, -90, -2, -84, -95, -32, 9, 62, -24, 52, -89, -26, -88, 33, -21, 26, 22, -63, 21, -80, -93, 20, -22, -59, 94, -37, 72, 52, -39, 27, 99, -67, -99, 32, -39, -61, 96, 87, 24, 100, -48, -98, -57, -97, -57, 93, 22, -100, -65, -54, 99, -88, 74, -71, 78, -82, 16, -84, -89, -94, -17, 50, -95, -33, -95, 4, 78, -65, -58, 63, -77, 80, -76, -80, 90, -85, -89, 17, 47, -67, 4, 17, 75, -22, 87, -94, -25, 54, 61, 90, -20, -98, 72, 29, -5, -73, 6, 38, -4, -74, -89, -82, 47, 76, 47, -27, -19, 50, 4, -2, 92, 8, 56, -85, -33, 44, -80, -33, 76, 48, -98, -8, -51, -15, 97, -95, 22, 13, -23, -79, -12, 1, -90, -38, 58, -28, 9, 28, -25, -36, -41, 16, -66, 36, 86, -55, 27, 71, -26, 1, -40, 40, -30, 27, -89, -20, -95, -86, -91, -15, -61, -81, -63, 6, 79, -62, -51, -50, -72, 78, -82, 54, -44, 99, -89, -62, 3, -83, 73, 39, -51, -54, 93, 24, -100, -51, 66, 17, -92, 3, -96, -55, 65, 13, 35, -62, -36, -55, -91, -5, -94, -2, -13, -79, 81, 90, 69, -9, -40, 97, -71, -65, -15, 19, -14, -83, 69, 6, -97, 44, 92, -41, 52, -32, 12, -89, -43, 88, -51, -96, -60, -69, -53, 83, -7, 96, -85, -89, 44, 28, 47, -14, 12, -1, -61, -24, -91, -51, 19, -75, -12, -11, 2, 20, -77, 22, 70, -40, 65, -64, 1, -12, -51, 50, -39, -32, 89, -60, -25, -49, 12, 79, 26, 7, -65, 25, 78, -29, -80, -7, -77, 37, 39, 47, 85, -22, -77, 96, -37, 6, -97, -70, 89, -11, 14, -100, 5, -79, 97, 43, 71, -7, -89, -76, -16, -27, -33, -71, -84, -93, -37, -19, 93, 25, 48, -73, 46, 59, -6, -8, 22, 71, 54, -43, -26, 73, -7, -82, 38, -17, -43, -39, -4, -42, -72, 57, -41, -21, -91, 29, 78, 37, -19, -77, -70, -87, 72, -14, -46, -98, -50, -14, -74, 10, -16, 81, -82, -29, -16, -100, -77, 67, 3, -48, 7, 62, 66, 33, 38, -56, -91, 16, 51, 66, 43, 47, -77, -6, -68, -74, 48, 70, -39, 96, 45, 64, 43, -67, 45, -78, 75, -96, -86, 19, -42, -56, 58, 15, 72, 16, 53, -51, 66, -15, 7, 83, -40, -17, -42, -8, 90, -44, -51, -43, -97, 79, -5, -62, -69, -66, -93, 27, -93, 36, -82, 56, -42, -64, 18, 69, 92, -37, -77, 26, -5, 91, 82, -20, -11, -10, -53, 87, 27, -90, -84, -83, 36, -99, -17, 16, 70, 77, -71, -59, -8, -23, 74, -20, 36, 87, 68, 19, 16, -28, -66, -78, -34, 55, 61, -36, 98, 14, 1, -51, 99, 40, 26, 32, 92, -16, -31, -34, 9, -5, -13, -62, 32, -31, -70, -16, -67, -74, 15, 57, 97, -20, -86, 31, 47, 75, -80, 3, 50, 67, 46, -46, -9, -8, 66, -85, 88, -11, 98, -29, -12, 94, 72, -32, 93, -67, -71, -47, 18, -14, 13, 56, 48, 85, -51, -21, -29, -54, -5, -49, 33, -26, 65, 41, -65, 43, 89, 21, 84, 90, 35, 16, 12, -69, 53, -100, 89, 53, -94, -4, -61, 89, -27, -68, 9, -26, 95, -60, -33, 57, -2, 43, -59, -45, -96, 2, 12, -55, -66, 72, 76, -23, -8, 23, -93, -65, -98, -20, 35, -88, -91, -46, 16, -61, -46, 25, 12, 6, -86, 25, 20, 42, -3, 17, 31, 67, 65, 26, -14, 39, -98, 95, 72, 41, 74, 25, -90, -35, 45, 74, 25, -23, -96, 57, -24, 81, 56, -60, 77, 16, 3, -97, 25, 64, 2, 28, 10, 81, -18, -52, 39, -48, -25, 25, 34, -44, -50, 57, 67, -66, -39, 42, 7, -29, 56, 32, 7, -84, -15, 8, -17, -58, -77, 70, -91, 3, -4, -7, 24, -44, -67, -68, 47, -98, -36, 40, -74, -16, -83, -41, -61, -72, 13, 34, 71, -30, -100, 63, -72, 22, -45, -94, 35, -8, 87, -80, 61, -96, -94, 51, -7, -64, 86, 46, 50, -41, 10, -60, -35, -52, 31, 98, -65, 14, -6, 21, 70, 37, -13, 28, 2, 28, 21, -6, 3, -73, 11, -53, -59, -43, 55, 12, 78, 72, -54, 34, 57, -35, 76, -39, -54, 35, 60, -62, 99, -84, -96, -94, -7, -59, -63, -35, 18, -14, -90, -58, 4, -61, 98, 75, 78, -86, -91, -55, -48, -67, -87, 16, 77, -9, 29, -63, -13, 59, 69, -85, -62, -64, 51, -44, 79, -48, -26, 77, -78, 98, -14, 39, 85, 99, 88, -64, 78, -76, 69, -81, 88, -60, 86, -57, -49, 21, 45, -26, 0, -99, 87, -47, 28, 70, 11, 53, 3, 21, -51, 56, 10, 55, -61, -72, 27, 99, 10, 6, 2, 33, 13, 77, 96, -85, -60, -76, 3, -24, -5, 52, 87, -85, 60, -21, 79, -71, -63, 52, -45, 44, 6, 57, -37, 32, -13, -94, -84, 53, 44, 89, 6, 54, 32, -77, -86, -77, -9, 8, 81, 82, 46, -54, 18, 40, -97, -65, 81, 3, 40, -65, -68, 56, 2, 89, -93, 78, 59, -15, -74, -76, -99, -53, 94, 26, 76, -97, -16, 36, -86, 46, -57, -39, 26, 40, -99, -1, 99, 47, 17, -74, -32, 40, -22, -30, 31, -100, -71, -91, -64, -11, -8, -60, -22, -5, -90, -32, -97, -49, -8, -14, -38, 80, -4, -54, 71, -76, 36, -25, -64, -34, 1, -30, -23, -6, 75, -80, 91, 45, 100, -91, -87, -22, 68, 23, -48, -45, 3, 100, 54, -84, 31, -17, -14, 85, 97, 49, -52, 17, 60, -7, 16, 99, 53, 15, 70, 62, -5, -92, -67, -20, 64, 52, 84, 15, 50, -86, -16, -54, -56, 19, -33, -92, -41, 65, -75, -38, -29, -79, -64, -62, 67, -37, 22, -34, 36, -24, 74, -58, 85, 82, -95, -99, 61, -77, -17, 94, 82, -99, 5, 70, -62, -20, 49, -63, 10, -55, -30, 68, 36, -41, 74, -79, 79, -37, -70, -66, -52, 89, 31, -93, 61, 99, -91, 19, 0, 63, 71, -64, -20, 85, -39, -64, -13, 59, -18, -20, -37, -62, 12, 12, 65, -10, -81, 67, 20, 2, -62, -85, -24, 82, 64, 33, -10, -52, 56, 22, 93, -75, -61, -47, 32, -17, -50, 52, 66, -13, 20, -85, 59, -91, 71, -18, -85, 28, 7, -87, 50, -93, -82, 93, -46, 33, 79, 36, -82, 0, 56, -43, -8, -20, 32, 81, 2, 50, 75, 11, -2, 21, 99, -17, 100, -48, 80, -7, 36, -82, -49, -34, 72, 81, -68, 68, -55, -2, 79, -87, 45, -56, -7, 17, 32, -63, -99, -21, -32, -25, -48, 40, -100, 64, 14, -94, -3, -15, 16, 9, 93, 70, -25, -38, 90, -16, 77, 30, 36, 1, 73, -76, -19, 97, 92, -38, 9, 79, -53, 7, -33, -50, 76, -27, -74, 50, 73, 32, 85, -29, -50, -21, -32, -81, -23, -61, -58, 73, 84, -55, -83, -80, -32, -77, 12, -11, -44, -11, 17, -58, 5, 2, -67, 57, 90, 86, -40, -42, 77, -67, -100, -2, 85, 49, -73, 45, 71, 58, -68, 40, 4, 73, -59, -63, 71, -4, 35, -32, -17, -67, 23, -86, -48, -81, -79, 94, -88, 65, 46, 65, -73, 89, -48, -75, -22, -29, -98, 29, -59, 23, 28, 19, 16, -46, -97, 86, 79, -58, 76, 43, 54, 12, -4, 71, -2, -10, -19, 55, 78, -10, -18, 75, -10, 15, -84, -54, 32, 10, 33, -89, -86, 93, -25, -66, -53, 61, -55, -37, 93, -5, -29, -52, 45, -81, 2, 67, 90, 42, 21, -13, 5, 65, -16, 28, 9, 61, -3, 16, 72, 21, -63, 32, 78, -59, -85, 36, 9, -100, -17, -50, 63, 94, 68, 82, 74, -73, -99, -87, -81, -78, 45, -29, 38, 6, -60, 77, -85, 21, -31, 57, -33, 85, -100, -22, 68, 9, 2, -90, 58, -60, 38, -67, 65, 39, -67, -50, 42, 92, -80, 39, -44, 14, -39, -14, 41, 30, -89, -22, 45, -73, 61, -83, -81, -34, -9, 16, -39, 48, 82, -10, 5, -7, -26, 57, -20, -44, 38, 9, 33, 65, -37, -54, 98, -55, 57, -10, -29, 21, -15, -32, -50, -8, -78, -64, -96, -98, 79, 21, 39, -98, 8, -100, 84, 74, 57, 53, 43, -46, 47, 83, -25, 16, -20, 31, -64, 22, 72, -2, -63, -100, -25, 90, -56, -47, -42, 52, -98, -55, -65, 100, 95, 35, -44, 79, -83, -65, -66, -60, -36, -34, 98, 72, -69, 97, -71, 7, 85, -22, -47, -37, -22, -78, 44, -19, -2, 75, 62, -18, -62, -83, -3, -70, 60, -10, -60, 71, 12, 57, 94, -50, -84, -2, 0, 8, -86, -10, 29, -53, -95, -95, -59, 47, -34, -63, 22, -68, 61, 55, -13, 42, -2, -97, 31, 33, 1, -40, -75, 33, 15, -39, -15, 37, 75, 49, -17, 63, -37, 86, 16, 66, 24, 6, -39, 76, -1, -44, 85, 6, -69, -7, -82, -91, -21, -5, 43, 55, 23, 90, -90, -67, -51, -51, 46, -37, 71, 57, -85, 48, 97, 78, -33, 38, -67, -50, -36, -17, 53, -46, -87, -79, 17, -44, -48, -77, 83, 95, 27, 72, 6, 64, 55, 55, -87, 52, 1, 19, 95, 48, -76, 44, -96, -46, 49, -73, -40, 44, 15, 4, 67, -100, -25, 61, -27, -68, -15, 42, 54, -35, -7, -36, -11, 47, 44, -9, 86, -89, -47, 15, -48, -95, -8, -21, -100, -16, -7, 59, 40, -74, 13, -72, -28, 13, -75, -46, 39, 85, 20, -43, -95, 90, -80, 28, -42, -82, 13, -38, 51, 18, -4, -79, 63, -29, -14, -97, -36, 84, 41, -75, 39, -13, 7, -61, 0, -67, 93, -99, -85, -78, -31, 12, 82, 97, -57, -1, 66, -30, 73, 87, 46, 31, 48, 11, 78, -67, -37, 77, -90, 83, 63, -20, 99, -81, 39, -49, 99, 54, 51, -100, -2, 41, -44, 82, -29, -6, 12, 1, -77, -60, 38, 94, -66, 92, 88, 81, 51, -69, -53, 26, -52, -98, -73, -71, 88, 44, -4, -89, -42, -50, 22, 51, 14, 30, -48, -91, -25, 14, -26, -54, -79, -93, 4, -55, 77, -25, 75, 90, 99, 77, -4, -70, -20, -41, -57, -47, 24, -9, 49, 99, -57, 0, -39, -67, 24, -85, -4, 88, -87, -67, -62, 81, -20, -87, -58, 45, -6, -100, -67, 58, -67, -27, 83, 88, -89, -44, -100, 90, -28, -28, -7, 79, -70, -97, -27, 71, -34, 88, -20, 76, 73, -88, -22, -65, -51, -24, -45, 56, 89, -35, -69, 59, 26, -15, 86, 98, -81, -71, 73, -81, -46, 62, -90, -92, -73, -76, -28, -68, 88, 32, -71, -100, 24, 72, 34, -16, -33, -2, 30, -62, 1, -96, -5, 82, -36, -11, 13, -87, -34, 75, -71, 68, 75, -21, -33, -57, -39, 54, -45, 91, 11, 94, -10, 86, 1, 41, 63, -38, 7, -37, -54, 18, 89, -69, -78, -33, -15, 22, 6, 100, -43, -60, -50, 72, 54, -17, 2, -100, -5, 11, -64, -61, -39, -42, -65, -79, -61, 94, -65, 63, 28, -18, 93, 10, -58, -64, -75, 30, -21, -66, -46, 78, 1, 78, 10, 4, 66, -62, -87, 48, -63, 42, -29, 13, -94, 100, -4, -62, 29, -91, -91, 45, 39, -23, -99, 17, 67, -95, 6, -100, 77, -31, -32, -50, 59, 66, -92, 58, -80, -63, -18, -30, -39, -68, 7, 74, 30, -57, 16, -44, 88, 32, 25, -59, -69, -56, -11, -47, 5, -97, 26, -50, -57, -44, 78, 66, -73, -94, 63, -54, -19, 83, 92, 46, -75, 0, 15, -48, -88, 69, 19, -59, -18, -61, 53, 0, -44, -51, 28, -64, -56, -39, 27, 38, 65, -98, 76, 13, -61, 92, -50, 82, 43, -27, 91, 18, -69, -5, 24, 11, -44, 18, 97, 25, 7, -31, 51, 9, 84, -90, 88, 93, 44, -34, -71, 60, -46, 70, -44, 100, 76, -3, 7, 61, -29, -58, 77, -46, -1, -99, 21, -44, 24, -35, -39, 57, -88, 58, 21, -99, -42, -100, 96, -61, 70, 35, -83, 98, -67, -47, 70, -100, 55, -97, 40, -20, -43, 86, -5, 77, 66, -3, -7, 81, -82, -8, 55, 65, 87, -29, -3, -44, -14, -92, -82, -61, 43, 86, -68, 16, -58, -54, -38, -44, -84, 68, 52, -24, -78, 35, -2, 59, 27, 97, -18, 11, -9, 81, 69, 37, -5, 76, -76, 90, -34, 16, -67, -91, -29, 78, 36, -46, 71, -2, -1, 30, -57, 38, 14, -73, -27, 1, 82, -94, -89, -90, 25, 21, 79, 51, -74, 35, -15, 0, 41, 54, 78, 6, 34, -7, 72, 12, -8, 27, -24, 56, -42, 4, 71, -49, -84, 30, -67, 62, 15, -61, -13, 57, -74, 29, 56, -85, 34, -74, -34, -62, 61, -21, 58, 29, -96, 23, -63, 32, 7, -85, -71, 38, 58, -44, 21, 41, -92, 57, 24, 43, 65, -34, 37, 24, -57, 57, -11, 89, -83, 83, 7, -52, -86, -62, -96, -24, -39, -67, 5, 42, -49, -68, -39, -96, -71, 76, 74, -96, -40, 94, -89, -57, -27, 59, 100, -40, -28, -14, 20, 69, 0, 78, -24, -35, -99, 11, 90, 3, 98, 81, 72, -49, -64, 20, 10, 57, -11, -92, -31, 7, -47, -46, 34, -11, -94, -22, -78, -80, -94, -25, -95, -2, -41, -51, 8, 47, -25, 59, 81, 65, -51, -1, -55, -14, -24, 57, 2, -96, 68, 50, 63, 56, -56, -31, 92, -28, 62, -52, -77, 4, -61, 33, -9, -15, -85, -55, -42, -43, 41, -19, 52, 63, 46, 59, -66, 0, -98, 83, 39, 33, -2, -55, 42, 37, 63, -56, -39, 81, 88, -65, 58, -31, 77, 45, 42, -67, -66, -80, -82, -76, 10, 11, 32, -80, -82, 55, 5, -3, -96, 38, 39, -57, -88, -71, 10, 6, 7, -60, -60, 45, 52, 4, 59, -21, 51, -61, -93, 99, 60, 58, 44, 75, -75, 100, 8, 25, 7, -53, -39, 88, -32, 91, -56, 78, 52, -7, 95, -62, -9, 39, 12, -69, 98, 61, -12, -47, 7, 82, -62, 29, 61, 36, -78, -49, 73, 45, 59, 60, 52, -77, 17, -28, 61, 19, -8, 59, 52, 84, -83, -20, -45, -79, -66, 2, -31, 57, 55, 82, 19, -76, -75, -96, -94, -82, -80, 14, -43, -65, 73, -70, 97, -37, 96, -85, -12, 23, 33, 28, -91, 0, -1, -85, -92, 74, -54, -4, -19, 69, -40, 94, -8, 77, 28, 21, 3, 81, -33, 65, 41, -95, -1, 38, 15, -91, -58, 31, -90, -72, 88, -50, 77, -63, -12, -73, 85, -70, 93, -9, -62, -98, -9, -24, -73, -52, -69, -9, -17, -90, 21, -64, 1, -21, 31, -46, -30, -48, 91, 66, 78, 0, -17, -15, 97, -21, -38, 77, 73, -79, -97, -93, 83, -7, -11, -89, -25, -100, -42, -41, -78, 2, 15, -34, -24, -55, -84, -24, 64, 2, -97, 47, -73, 69, -81, -11, 7, 96, -63, 55, 18, -52, -77, 94, -4, 95, 71, -13, -38, -10, -64, -82, 54, 73, 30, 91, 93, -12, -26, -31, -39, 36, 50, 3, 58, 3, 81, -42, -60, 50, -93, 35, 90, -81, -5, -77, -15, -47, 19, 100, -15, -14, -96, 78, -66, -52, -32, 56, -55, 53, 57, 88, -22, 99, -38, -36, 46, -34, -71, -8, 50, -84, -96, 100, -64, -89, -91, 66, 81, -71, 16, 46, 29, 54, 35, 55, -69, -25, 23, -15, -30, 98, -35, 39, 10, 68, 77, -90, -70, -39, 6, -71, -94, -93, -41, 48, 92, 90, -30, -86, -79, -81, -12, -37, -20, -70, 86, -36, -88, 61, 97, 33, -2, 90, -60, -28, -76, 39, 20, 93, 80, -80, -8, -38, 59, -49, -57, 50, 80, -74, 11, 78, 12, -53, -51, -45, 35, -96, -24, 31, -61, -11, 24, -80, 86, 48, -27, 59, -31, 42, 2, -10, 96, -90, -20, -26, -85, -47, -14, 57, 40, 1, -64, 67, -18, 92, -25, -38, -89, 29, -12, 31, -81, 14, -38, -22, -29, 90, -75, -66, -31, -55, -73, -13, -12, -84, 5, 65, -32, -10, 25, 63, -97, 98, -32, -43, -78, 77, 75, 100, -23, -48, 44, 62, 6, -72, -73, 28, -3, -31, -7, 36, -58, 19, 26, -78, -51, -22, -70, 52, 98, 83, 96, -33, 12, -60, -81, 34, 49, -43, -58, -80, -40, -16, 29, -32, 79, -21, -22, 28, 46, -76, 71, -80, -6, -60, -27, 45, 21, -16, -29, -38, -21, 56, 28, 65, -10, 53, -46, 12, -89, -42, 15, 47, -19, 5, 95, -8, -82, -79, -48, 14, 13, 22, 73, -29, -13, 73, 52, -99, 28, 1, -68, 21, -84, 75, 93, -96, -54, 26, 88, -52, -48, 28, -13, -30, -25, -47, -63, -22, -54, -33, 84, -38, -58, -46, -1, -61, -40, -15, 6, -46, 25, 51, 15, 86, -72, 99, 90, 52, -87, -7, 34, -47, -86, -86, 8, 13, 17, -85, 42, 100, -56, 44, 26, -95, -29, 98, -95, -53, -17, 79, 9, -73, -65, -2, -70, 64, 79, 73, -34, -10, -46, -16, 58, -72, -95, 58, -1, 14, 81, 63, -69, 80, 14, 16, -34, -87, 94, -97, 95, 9, -62, 6, 90, 70, -49, 20, -18, -28, 88, -16, -84, 89, 33, 2, -96, 47, -19, -75, 39, 3, -56, 51, 48, 85, -45, -31, 68, 9, 5, 98, -52, -45, 50, 29, 88, 18, 64, 6, -36, 99, 16, 45, -10, 90, -61, 23, -97, 83, 97, 44, -43, 9, -19, -85, 82, -75, 0, -56, 96, 56, -53, -9, 45, -29, 91, -57, -11, -75, -96, 42, -9, -67, -36, 57, 54, 89, -87, 86, 16, 87, 41, 69, 63, 14, -75, -53, 26, -35, 76, 78, -6, -66, 39, -2, 58, -53, 79, -22, 100, -64, -16, -71, 65, -24, -34, -34, -83, -68, 11, 9, 29, -2, 6, 87, 30, -40, -27, -94, 15, -58, 8, 64, -15, 26, -68, -67, -62, 5, 23, -72, 45, 46, 28, -87, 37, -19, 89, 93, -56, 31, -73, -85, 82, 18, 31, -53, -38, -65, -99, -80, 30, -27, 66, -31, -72, 63, 46, 98, -64, 25, 75, 29, -3, -71, -34, 1, -54, 40, -95, 20, -12, 10, -50, -44, 33, -38, 29, 10, 98, -6, -76, 39, -78, -60, 76, 54, -14, -36, 32, -83, -98, -12, -44, 88, 12, 47, -32, -9, -72, 27, 94, 85, 65, -67, 12, 11, 17, -69, 45, -57, 9, 18, -9, -31, 27, 43, -85, 69, 2, -88, -81, -33, 49, -68, -73, -99, -89, -90, -36, -32, 63, 21, 15, 22, -15, -82, -42, 97, 85, 27, 39, 35, -73, -89, -94, -31, -45, -22, 42, 16, 22, 87, 25, -77, -69, 53, -33, 70, 23, 86, 68, 13, 4, -1, 90, -69, 4, -96, -25, -99, 78, -83, 46, -85, 71, -36, 10, -56, -62, 23, -60, -85, 13, -33, -86, 26, 98, -16, -33, -54, 86, 89, 69, 82, 29, -68, -47, -2, 43, -52, 66, 77, -81, -19, -60, -49, 40, -70, -33, 87, 13, -69, -36, 46, 87, 37, -46, -33, -83, -90, -63, 8, 28, 97, -49, -68, -83, 61, 12, -3, -75, 13, -25, 68, 42, 0, -15, 95, 17, 59, -35, 52, -62, -86, 81, 49, 88, -43, 62, 29, 1, -3, 25, -84, 51, 85, 77, -74, -20, 98, 93, 90, 99, 81, 16, 97, -59, 92, 32, -48, -84, -28, -93, 51, -50, -25, -81, 55, 59, 99, -38, 12, 4, 39, -25, -9, 48, -75, -90, -75, -54, 46, 0, 34, 65, 65, 89, -48, -11, 13, 44, -86, -24, 40, 87, -91, 56, 15, 95, -93, 13, 84, 28, -97, 16, 81, 76, 77, -82, -61, 59, 88, -22, -65, 0, -91, 63, -24, -70, 18, 13, -59, 16, 37, 15, -16, 98, 46, 82, -43, -66, -71, 48, 59, 16, 59, -29, -100, 13, 80, 5, -15, 55, -62, 40, -10, -30, -37, 11, 26, -17, 73, 41, 9, -50, 89, -67, -57, 56, 86, -41, -54, 40, 7, -81, 3, -47, 15, 69, -16, 68, 71, 18, -98, -2, 10, 97, 91, -17, 59, 39, -17, -66, 13, 52, 68, 16, -25, 8, 46, -26, 40, -48, -57, 25, -11, 97, -79, 47, 10, -60, 42, 1, -44, 73, 97, 40, 62, 27, -93, 57, 88, -18, 59, 95, -62, 30, 85, -86, 88, -66, -20, -26, -15, 26, -16, 30, -79, 62, -16, -85, -69, 48, 99, -33, -92, -76, -98, -20, 46, -93, -18, -4, -64, 94, -11, -96, 20, -25, 32, -10, 52, -80, 70, 61, -3, -89, 42, -77, 27, 86, -100, 18, 98, -98, 3, -86, 84, 18, -67, 79, -84, 18, -47, -2, -37, 70, -48, 78, 33, 9, -82, 35, 80, -43, 28, 65, -81, -67, 53, 33, 89, -57, -27, 25, 44, 77, 17, 3, -72, 100, 54, 62, -58, 6, 9, 17, -46, -7, 44, -11, 13, 45, 96, 59, -48, 89, 47, 31, 6, 32, -55, 76, 72, 31, 0, 78, -61, -65, 13, 62, -78, -79, -18, -78, 86, -61, -66, 18, 81, -80, -37, 84, 94, 75, 7, -21, 79, -14, 81, -33, 4, 73, 78, 60, 36, 94, -84, -25, -68, 17, 67, -23, -73, -56, -97, -87, -29, -73, 11, 32, 34, -43, -77, 44, 30, -30, 19, 94, -11, -33, 74, 95, 95, 64, 78, 50, 47, 27, 83, 41, -18, 11, -71, -6, 54, -65, 15, 50, -4, -40, -47, 80, -64, -92, -36, 90, -12, -3, 43, 21, -75, -40, -64, -91, -84, -28, 5, 14, 73, -39, 15, -89, -34, -6, 84, -90, -78, 98, 81, -65, -75, 25, -61, -36, 63, -4, -68, -54, 30, -46, -33, 75, -47, 81, 46, -19, -48, 76, 48, -78, 97, -87, -57, 30, -17, 16, -40, 39, 47, -42, -75, -76, 98, 96, 7, -20, -18, 14, -12, -11, 95, 60, -17, -16, 55, 67, -82, 93, -1, 85, 46, 53, 10, -29, 55, -75, 97, -45, 43, 99, -41, -22, 72, -20, -76, -38, -33, 42, 26, -52, -81, 82, -8, -50, -76, -75, -41, -88, -64, 26, -37, 19, -59, -93, -100, 69, 84, 27, 96, -24, -20, 41, -62, 71, -69, -52, 73, -2, -30, 43, -1, 39, 87, -43, 37, -95, 84, -6, -67, -72, 74, 18, -55, -16, -63, 98, -92, -57, -50, -58, -96, -44, -32, -43, 29, 49, 11, 24, -31, -72, 83, 94, -29, 1, -59, 74, 24, -9, 4, -89, 64, 89, 71, 43, -34, -54, 71, 47, -90, 50, -100, 43, 84, 83, 97, 33, -11, 28, -18, 29, -65, 51, 94, 14, -71, 74, -71, 12, 6, -90, -71, -31, 100, 60, -48, 94, -74, -41, 20, -43, -55, 45, -72, -96, -38, -63, -60, -37, -46, 64, -51, 20, -76, 80, -32, -83, 79, -29, 51, -78, -58, 91, 61, -91, 26, -54, -40, -88, 41, 31, -78, 52, 74, 16, -86, -60, 10, -14, 9, 33, -98, 42, -11, 50, -17, 42, 87, 60, 28, -19, 44, 22, 53, 65, 54, 67, 68, -9, 85, 52, 28, -53, 90, 57, -25, 69, 58, -93, -29, 13, 58, -54, -14, 86, -70, 66, -70, -32, 29, 3, -41, 58, -26, 46, -30, 54, -95, 89, 50, 40, -86, 55, 100, 45, -24, 29, 73, 0, -10, 97, 13, 80, -7, -41, -29, 58, -86, 81, 43, 38, 64, 3, 68, -39, 54, -94, -42, 16, -8, 68, -51, -1, 51, -3, 5, -36, 99, -72, 64, 50, -63, -98, 3, 3, 27, -5, 46, -29, 66, -54, 47, 98, -99, -76, 88, -46, 32, 73, -97, 90] </positions>
        <masses mode="manual"> ['1.0', '1.0', '1.0', '1.0', '1.0', '1.0', '1.0', '1.0', '1.0', '1.0', '1.0', '1.0', '1.0', '1.0', '1.0', '1.0', '1.0', '1.0', '1.0', '1.0', '1.0', '1.0', '1.0', '1.0', '1.0', '1.0', '1.0', '1.0', '1.0', '1.0', '1.0', '1.0', '1.0', '1.0', '1.0', '1.0', '1.0', '1.0', '1.0', '1.0', '1.0', '1.0', '1.0', '1.0', '1.0', '1.0', '1.0', '1.0', '1.0', '1.0', '1.0', '1.0', '1.0', '1.0', '1.0', '1.0', '1.0', '1.0', '1.0', '1.0', '1.0', '1.0', '1.0', '1.0', '1.0', '1.0', '1.0', '1.0', '1.0', '1.0', '1.0', '1.0', '1.0', '1.0', '1.0', '1.0', '1.0', '1.0', '1.0', '1.0', '1.0', '1.0', '1.0', '1.0', '1.0', '1.0', '1.0', '1.0', '1.0', '1.0', '1.0', '1.0', '1.0', '1.0', '1.0', '1.0', '1.0', '1.0', '1.0', '1.0', '1.0', '1.0', '1.0', '1.0', '1.0', '1.0', '1.0', '1.0', '1.0', '1.0', '1.0', '1.0', '1.0', '1.0', '1.0', '1.0', '1.0', '1.0', '1.0', '1.0', '1.0', '1.0', '1.0', '1.0', '1.0', '1.0', '1.0', '1.0', '1.0', '1.0', '1.0', '1.0', '1.0', '1.0', '1.0', '1.0', '1.0', '1.0', '1.0', '1.0', '1.0', '1.0', '1.0', '1.0', '1.0', '1.0', '1.0', '1.0', '1.0', '1.0', '1.0', '1.0', '1.0', '1.0', '1.0', '1.0', '1.0', '1.0', '1.0', '1.0', '1.0', '1.0', '1.0', '1.0', '1.0', '1.0', '1.0', '1.0', '1.0', '1.0', '1.0', '1.0', '1.0', '1.0', '1.0', '1.0', '1.0', '1.0', '1.0', '1.0', '1.0', '1.0', '1.0', '1.0', '1.0', '1.0', '1.0', '1.0', '1.0', '1.0', '1.0', '1.0', '1.0', '1.0', '1.0', '1.0', '1.0', '1.0', '1.0', '1.0', '1.0', '1.0', '1.0', '1.0', '1.0', '1.0', '1.0', '1.0', '1.0', '1.0', '1.0', '1.0', '1.0', '1.0', '1.0', '1.0', '1.0', '1.0', '1.0', '1.0', '1.0', '1.0', '1.0', '1.0', '1.0', '1.0', '1.0', '1.0', '1.0', '1.0', '1.0', '1.0', '1.0', '1.0', '1.0', '1.0', '1.0', '1.0', '1.0', '1.0', '1.0', '1.0', '1.0', '1.0', '1.0', '1.0', '1.0', '1.0', '1.0', '1.0', '1.0', '1.0', '1.0', '1.0', '1.0', '1.0', '1.0', '1.0', '1.0', '1.0', '1.0', '1.0', '1.0', '1.0', '1.0', '1.0', '1.0', '1.0', '1.0', '1.0', '1.0', '1.0', '1.0', '1.0', '1.0', '1.0', '1.0', '1.0', '1.0', '1.0', '1.0', '1.0', '1.0', '1.0', '1.0', '1.0', '1.0', '1.0', '1.0', '1.0', '1.0', '1.0', '1.0', '1.0', '1.0', '1.0', '1.0', '1.0', '1.0', '1.0', '1.0', '1.0', '1.0', '1.0', '1.0', '1.0', '1.0', '1.0', '1.0', '1.0', '1.0', '1.0', '1.0', '1.0', '1.0', '1.0', '1.0', '1.0', '1.0', '1.0', '1.0', '1.0', '1.0', '1.0', '1.0', '1.0', '1.0', '1.0', '1.0', '1.0', '1.0', '1.0', '1.0', '1.0', '1.0', '1.0', '1.0', '1.0', '1.0', '1.0', '1.0', '1.0', '1.0', '1.0', '1.0', '1.0', '1.0', '1.0', '1.0', '1.0', '1.0', '1.0', '1.0', '1.0', '1.0', '1.0', '1.0', '1.0', '1.0', '1.0', '1.0', '1.0', '1.0', '1.0', '1.0', '1.0', '1.0', '1.0', '1.0', '1.0', '1.0', '1.0', '1.0', '1.0', '1.0', '1.0', '1.0', '1.0', '1.0', '1.0', '1.0', '1.0', '1.0', '1.0', '1.0', '1.0', '1.0', '1.0', '1.0', '1.0', '1.0', '1.0', '1.0', '1.0', '1.0', '1.0', '1.0', '1.0', '1.0', '1.0', '1.0', '1.0', '1.0', '1.0', '1.0', '1.0', '1.0', '1.0', '1.0', '1.0', '1.0', '1.0', '1.0', '1.0', '1.0', '1.0', '1.0', '1.0', '1.0', '1.0', '1.0', '1.0', '1.0', '1.0', '1.0', '1.0', '1.0', '1.0', '1.0', '1.0', '1.0', '1.0', '1.0', '1.0', '1.0', '1.0', '1.0', '1.0', '1.0', '1.0', '1.0', '1.0', '1.0', '1.0', '1.0', '1.0', '1.0', '1.0', '1.0', '1.0', '1.0', '1.0', '1.0', '1.0', '1.0', '1.0', '1.0', '1.0', '1.0', '1.0', '1.0', '1.0', '1.0', '1.0', '1.0', '1.0', '1.0', '1.0', '1.0', '1.0', '1.0', '1.0', '1.0', '1.0', '1.0', '1.0', '1.0', '1.0', '1.0', '1.0', '1.0', '1.0', '1.0', '1.0', '1.0', '1.0', '1.0', '1.0', '1.0', '1.0', '1.0', '1.0', '1.0', '1.0', '1.0', '1.0', '1.0', '1.0', '1.0', '1.0', '1.0', '1.0', '1.0', '1.0', '1.0', '1.0', '1.0', '1.0', '1.0', '1.0', '1.0', '1.0', '1.0', '1.0', '1.0', '1.0', '1.0', '1.0', '1.0', '1.0', '1.0', '1.0', '1.0', '1.0', '1.0', '1.0', '1.0', '1.0', '1.0', '1.0', '1.0', '1.0', '1.0', '1.0', '1.0', '1.0', '1.0', '1.0', '1.0', '1.0', '1.0', '1.0', '1.0', '1.0', '1.0', '1.0', '1.0', '1.0', '1.0', '1.0', '1.0', '1.0', '1.0', '1.0', '1.0', '1.0', '1.0', '1.0', '1.0', '1.0', '1.0', '1.0', '1.0', '1.0', '1.0', '1.0', '1.0', '1.0', '1.0', '1.0', '1.0', '1.0', '1.0', '1.0', '1.0', '1.0', '1.0', '1.0', '1.0', '1.0', '1.0', '1.0', '1.0', '1.0', '1.0', '1.0', '1.0', '1.0', '1.0', '1.0', '1.0', '1.0', '1.0', '1.0', '1.0', '1.0', '1.0', '1.0', '1.0', '1.0', '1.0', '1.0', '1.0', '1.0', '1.0', '1.0', '1.0', '1.0', '1.0', '1.0', '1.0', '1.0', '1.0', '1.0', '1.0', '1.0', '1.0', '1.0', '1.0', '1.0', '1.0', '1.0', '1.0', '1.0', '1.0', '1.0', '1.0', '1.0', '1.0', '1.0', '1.0', '1.0', '1.0', '1.0', '1.0', '1.0', '1.0', '1.0', '1.0', '1.0', '1.0', '1.0', '1.0', '1.0', '1.0', '1.0', '1.0', '1.0', '1.0', '1.0', '1.0', '1.0', '1.0', '1.0', '1.0', '1.0', '1.0', '1.0', '1.0', '1.0', '1.0', '1.0', '1.0', '1.0', '1.0', '1.0', '1.0', '1.0', '1.0', '1.0', '1.0', '1.0', '1.0', '1.0', '1.0', '1.0', '1.0', '1.0', '1.0', '1.0', '1.0', '1.0', '1.0', '1.0', '1.0', '1.0', '1.0', '1.0', '1.0', '1.0', '1.0', '1.0', '1.0', '1.0', '1.0', '1.0', '1.0', '1.0', '1.0', '1.0', '1.0', '1.0', '1.0', '1.0', '1.0', '1.0', '1.0', '1.0', '1.0', '1.0', '1.0', '1.0', '1.0', '1.0', '1.0', '1.0', '1.0', '1.0', '1.0', '1.0', '1.0', '1.0', '1.0', '1.0', '1.0', '1.0', '1.0', '1.0', '1.0', '1.0', '1.0', '1.0', '1.0', '1.0', '1.0', '1.0', '1.0', '1.0', '1.0', '1.0', '1.0', '1.0', '1.0', '1.0', '1.0', '1.0', '1.0', '1.0', '1.0', '1.0', '1.0', '1.0', '1.0', '1.0', '1.0', '1.0', '1.0', '1.0', '1.0', '1.0', '1.0', '1.0', '1.0', '1.0', '1.0', '1.0', '1.0', '1.0', '1.0', '1.0', '1.0', '1.0', '1.0', '1.0', '1.0', '1.0', '1.0', '1.0', '1.0', '1.0', '1.0', '1.0', '1.0', '1.0', '1.0', '1.0', '1.0', '1.0', '1.0', '1.0', '1.0', '1.0', '1.0', '1.0', '1.0', '1.0', '1.0', '1.0', '1.0', '1.0', '1.0', '1.0', '1.0', '1.0', '1.0', '1.0', '1.0', '1.0', '1.0', '1.0', '1.0', '1.0', '1.0', '1.0', '1.0', '1.0', '1.0', '1.0', '1.0', '1.0', '1.0', '1.0', '1.0', '1.0', '1.0', '1.0', '1.0', '1.0', '1.0', '1.0', '1.0', '1.0', '1.0', '1.0', '1.0', '1.0', '1.0', '1.0', '1.0', '1.0', '1.0', '1.0', '1.0', '1.0', '1.0', '1.0', '1.0', '1.0', '1.0', '1.0', '1.0', '1.0', '1.0', '1.0', '1.0', '1.0', '1.0', '1.0', '1.0', '1.0', '1.0', '1.0', '1.0', '1.0', '1.0', '1.0', '1.0', '1.0', '1.0', '1.0', '1.0', '1.0', '1.0', '1.0', '1.0', '1.0', '1.0', '1.0', '1.0', '1.0', '1.0', '1.0', '1.0', '1.0', '1.0', '1.0', '1.0', '1.0', '1.0', '1.0', '1.0', '1.0', '1.0', '1.0', '1.0', '1.0', '1.0', '1.0', '1.0', '1.0', '1.0', '1.0', '1.0', '1.0', '1.0', '1.0', '1.0', '1.0', '1.0', '1.0', '1.0', '1.0', '1.0', '1.0', '1.0', '1.0', '1.0', '1.0', '1.0', '1.0', '1.0', '1.0', '1.0', '1.0', '1.0', '1.0', '1.0', '1.0', '1.0', '1.0', '1.0', '1.0', '1.0', '1.0', '1.0', '1.0', '1.0', '1.0', '1.0', '1.0', '1.0', '1.0', '1.0', '1.0', '1.0', '1.0', '1.0', '1.0', '1.0', '1.0', '1.0', '1.0', '1.0', '1.0', '1.0', '1.0', '1.0', '1.0', '1.0', '1.0', '1.0', '1.0', '1.0', '1.0', '1.0', '1.0', '1.0', '1.0', '1.0', '1.0', '1.0', '1.0', '1.0', '1.0', '1.0', '1.0', '1.0', '1.0', '1.0', '1.0', '1.0', '1.0', '1.0', '1.0', '1.0', '1.0', '1.0', '1.0', '1.0', '1.0', '1.0', '1.0', '1.0', '1.0', '1.0', '1.0', '1.0', '1.0', '1.0', '1.0', '1.0', '1.0', '1.0', '1.0', '1.0', '1.0', '1.0', '1.0', '1.0', '1.0', '1.0', '1.0', '1.0', '1.0', '1.0', '1.0', '1.0', '1.0', '1.0', '1.0', '1.0', '1.0', '1.0', '1.0', '1.0', '1.0', '1.0', '1.0', '1.0', '1.0', '1.0', '1.0', '1.0', '1.0', '1.0', '1.0', '1.0', '1.0', '1.0', '1.0', '1.0', '1.0', '1.0', '1.0', '1.0', '1.0', '1.0', '1.0', '1.0', '1.0', '1.0', '1.0', '1.0', '1.0', '1.0', '1.0', '1.0', '1.0', '1.0', '1.0', '1.0', '1.0', '1.0', '1.0', '1.0', '1.0', '1.0', '1.0', '1.0', '1.0', '1.0', '1.0', '1.0', '1.0', '1.0', '1.0', '1.0', '1.0', '1.0', '1.0', '1.0', '1.0', '1.0', '1.0', '1.0', '1.0', '1.0', '1.0', '1.0', '1.0', '1.0', '1.0', '1.0', '1.0', '1.0', '1.0', '1.0', '1.0', '1.0', '1.0', '1.0', '1.0', '1.0', '1.0', '1.0', '1.0', '1.0', '1.0', '1.0', '1.0', '1.0', '1.0', '1.0', '1.0', '1.0', '1.0', '1.0', '1.0', '1.0', '1.0', '1.0', '1.0', '1.0', '1.0', '1.0', '1.0', '1.0', '1.0', '1.0', '1.0', '1.0', '1.0', '1.0', '1.0', '1.0', '1.0', '1.0', '1.0', '1.0', '1.0', '1.0', '1.0', '1.0', '1.0', '1.0', '1.0', '1.0', '1.0', '1.0', '1.0', '1.0', '1.0', '1.0', '1.0', '1.0', '1.0', '1.0', '1.0', '1.0', '1.0', '1.0', '1.0', '1.0', '1.0', '1.0', '1.0', '1.0', '1.0', '1.0', '1.0', '1.0', '1.0', '1.0', '1.0', '1.0', '1.0', '1.0', '1.0', '1.0', '1.0', '1.0', '1.0', '1.0', '1.0', '1.0', '1.0', '1.0', '1.0', '1.0', '1.0', '1.0', '1.0', '1.0', '1.0', '1.0', '1.0', '1.0', '1.0', '1.0', '1.0', '1.0', '1.0', '1.0', '1.0', '1.0', '1.0', '1.0', '1.0', '1.0', '1.0', '1.0', '1.0', '1.0', '1.0', '1.0', '1.0', '1.0', '1.0', '1.0', '1.0', '1.0', '1.0', '1.0', '1.0', '1.0', '1.0', '1.0', '1.0', '1.0', '1.0', '1.0', '1.0', '1.0', '1.0', '1.0', '1.0', '1.0', '1.0', '1.0', '1.0', '1.0', '1.0', '1.0', '1.0', '1.0', '1.0', '1.0', '1.0', '1.0', '1.0', '1.0', '1.0', '1.0', '1.0', '1.0', '1.0', '1.0', '1.0', '1.0', '1.0', '1.0', '1.0', '1.0', '1.0', '1.0', '1.0', '1.0', '1.0', '1.0', '1.0', '1.0', '1.0', '1.0', '1.0', '1.0', '1.0', '1.0', '1.0', '1.0', '1.0', '1.0', '1.0', '1.0', '1.0', '1.0', '1.0', '1.0', '1.0', '1.0', '1.0', '1.0', '1.0', '1.0', '1.0', '1.0', '1.0', '1.0', '1.0', '1.0', '1.0', '1.0', '1.0', '1.0', '1.0', '1.0', '1.0', '1.0', '1.0', '1.0', '1.0', '1.0', '1.0', '1.0', '1.0', '1.0', '1.0', '1.0', '1.0', '1.0', '1.0', '1.0', '1.0', '1.0', '1.0', '1.0', '1.0', '1.0', '1.0', '1.0', '1.0', '1.0', '1.0', '1.0', '1.0', '1.0', '1.0', '1.0', '1.0', '1.0', '1.0', '1.0', '1.0', '1.0', '1.0', '1.0', '1.0', '1.0', '1.0', '1.0', '1.0', '1.0', '1.0', '1.0', '1.0', '1.0', '1.0', '1.0', '1.0', '1.0', '1.0', '1.0', '1.0', '1.0', '1.0', '1.0', '1.0', '1.0', '1.0', '1.0', '1.0', '1.0', '1.0', '1.0', '1.0', '1.0', '1.0', '1.0', '1.0', '1.0', '1.0', '1.0', '1.0', '1.0', '1.0', '1.0', '1.0', '1.0', '1.0', '1.0', '1.0', '1.0', '1.0', '1.0', '1.0', '1.0', '1.0', '1.0', '1.0', '1.0', '1.0', '1.0', '1.0', '1.0', '1.0', '1.0', '1.0', '1.0', '1.0', '1.0', '1.0', '1.0', '1.0', '1.0', '1.0', '1.0', '1.0', '1.0', '1.0', '1.0', '1.0', '1.0', '1.0', '1.0', '1.0', '1.0', '1.0', '1.0', '1.0', '1.0', '1.0', '1.0', '1.0', '1.0', '1.0', '1.0', '1.0', '1.0', '1.0', '1.0', '1.0', '1.0', '1.0', '1.0', '1.0', '1.0', '1.0', '1.0', '1.0', '1.0', '1.0', '1.0', '1.0', '1.0', '1.0', '1.0', '1.0', '1.0', '1.0', '1.0', '1.0', '1.0', '1.0', '1.0', '1.0', '1.0', '1.0', '1.0', '1.0', '1.0', '1.0', '1.0', '1.0', '1.0', '1.0', '1.0', '1.0', '1.0', '1.0', '1.0', '1.0', '1.0', '1.0', '1.0', '1.0', '1.0', '1.0', '1.0', '1.0', '1.0', '1.0', '1.0', '1.0', '1.0', '1.0', '1.0', '1.0', '1.0', '1.0', '1.0', '1.0', '1.0', '1.0', '1.0', '1.0', '1.0', '1.0', '1.0', '1.0', '1.0', '1.0', '1.0', '1.0', '1.0', '1.0', '1.0', '1.0', '1.0', '1.0', '1.0', '1.0', '1.0', '1.0', '1.0', '1.0', '1.0', '1.0', '1.0', '1.0', '1.0', '1.0', '1.0', '1.0', '1.0', '1.0', '1.0', '1.0', '1.0', '1.0', '1.0', '1.0', '1.0', '1.0', '1.0', '1.0', '1.0', '1.0', '1.0', '1.0', '1.0', '1.0', '1.0', '1.0', '1.0', '1.0', '1.0', '1.0', '1.0', '1.0', '1.0', '1.0', '1.0', '1.0', '1.0', '1.0', '1.0', '1.0', '1.0', '1.0', '1.0', '1.0', '1.0', '1.0', '1.0', '1.0', '1.0', '1.0', '1.0', '1.0', '1.0', '1.0', '1.0', '1.0', '1.0', '1.0', '1.0', '1.0', '1.0', '1.0', '1.0', '1.0', '1.0', '1.0', '1.0', '1.0', '1.0', '1.0', '1.0', '1.0', '1.0', '1.0', '1.0', '1.0', '1.0', '1.0', '1.0', '1.0', '1.0', '1.0', '1.0', '1.0', '1.0', '1.0', '1.0', '1.0', '1.0', '1.0', '1.0', '1.0', '1.0', '1.0', '1.0', '1.0', '1.0', '1.0', '1.0', '1.0', '1.0', '1.0', '1.0', '1.0', '1.0', '1.0', '1.0', '1.0', '1.0', '1.0', '1.0', '1.0', '1.0', '1.0', '1.0', '1.0', '1.0', '1.0', '1.0', '1.0', '1.0', '1.0', '1.0', '1.0', '1.0', '1.0', '1.0', '1.0', '1.0', '1.0', '1.0', '1.0', '1.0', '1.0', '1.0', '1.0', '1.0', '1.0', '1.0', '1.0', '1.0', '1.0', '1.0', '1.0', '1.0', '1.0', '1.0', '1.0', '1.0', '1.0', '1.0', '1.0', '1.0', '1.0', '1.0', '1.0', '1.0', '1.0', '1.0', '1.0', '1.0', '1.0', '1.0', '1.0', '1.0', '1.0', '1.0', '1.0', '1.0', '1.0', '1.0', '1.0', '1.0', '1.0', '1.0', '1.0', '1.0', '1.0', '1.0', '1.0', '1.0', '1.0', '1.0', '1.0', '1.0', '1.0', '1.0', '1.0', '1.0', '1.0', '1.0', '1.0', '1.0', '1.0', '1.0', '1.0', '1.0', '1.0', '1.0', '1.0', '1.0', '1.0', '1.0', '1.0', '1.0', '1.0', '1.0', '1.0', '1.0', '1.0', '1.0', '1.0', '1.0', '1.0', '1.0', '1.0', '1.0', '1.0', '1.0', '1.0', '1.0', '1.0', '1.0', '1.0', '1.0', '1.0', '1.0', '1.0', '1.0', '1.0', '1.0', '1.0', '1.0', '1.0', '1.0', '1.0', '1.0', '1.0', '1.0', '1.0', '1.0', '1.0', '1.0', '1.0', '1.0', '1.0', '1.0', '1.0', '1.0', '1.0', '1.0', '1.0', '1.0', '1.0', '1.0', '1.0', '1.0', '1.0', '1.0', '1.0', '1.0', '1.0', '1.0', '1.0', '1.0', '1.0', '1.0', '1.0', '1.0', '1.0', '1.0', '1.0', '1.0', '1.0', '1.0', '1.0', '1.0', '1.0', '1.0', '1.0', '1.0', '1.0', '1.0', '1.0', '1.0', '1.0', '1.0', '1.0', '1.0', '1.0', '1.0', '1.0', '1.0', '1.0', '1.0', '1.0', '1.0', '1.0', '1.0', '1.0', '1.0', '1.0', '1.0', '1.0', '1.0', '1.0', '1.0', '1.0', '1.0', '1.0', '1.0', '1.0', '1.0', '1.0', '1.0', '1.0', '1.0', '1.0', '1.0', '1.0', '1.0', '1.0', '1.0', '1.0', '1.0', '1.0', '1.0', '1.0', '1.0', '1.0', '1.0', '1.0', '1.0', '1.0', '1.0', '1.0', '1.0', '1.0', '1.0', '1.0', '1.0', '1.0', '1.0', '1.0', '1.0', '1.0', '1.0', '1.0', '1.0', '1.0', '1.0', '1.0', '1.0', '1.0', '1.0', '1.0', '1.0', '1.0', '1.0', '1.0', '1.0', '1.0', '1.0', '1.0', '1.0', '1.0', '1.0', '1.0', '1.0', '1.0', '1.0', '1.0', '1.0', '1.0', '1.0', '1.0', '1.0', '1.0', '1.0', '1.0', '1.0', '1.0', '1.0', '1.0', '1.0', '1.0', '1.0', '1.0', '1.0', '1.0', '1.0', '1.0', '1.0', '1.0', '1.0', '1.0', '1.0', '1.0', '1.0', '1.0', '1.0', '1.0', '1.0', '1.0', '1.0', '1.0', '1.0', '1.0', '1.0', '1.0', '1.0', '1.0', '1.0', '1.0', '1.0', '1.0', '1.0', '1.0', '1.0', '1.0', '1.0', '1.0', '1.0', '1.0', '1.0', '1.0', '1.0', '1.0', '1.0', '1.0', '1.0', '1.0', '1.0', '1.0', '1.0', '1.0', '1.0', '1.0', '1.0', '1.0', '1.0', '1.0', '1.0', '1.0', '1.0', '1.0', '1.0', '1.0', '1.0', '1.0', '1.0', '1.0', '1.0', '1.0', '1.0', '1.0', '1.0', '1.0', '1.0', '1.0', '1.0', '1.0', '1.0', '1.0', '1.0', '1.0', '1.0', '1.0', '1.0', '1.0', '1.0', '1.0', '1.0', '1.0', '1.0', '1.0', '1.0', '1.0', '1.0', '1.0', '1.0', '1.0', '1.0', '1.0', '1.0', '1.0', '1.0', '1.0', '1.0', '1.0', '1.0', '1.0', '1.0', '1.0', '1.0', '1.0', '1.0', '1.0', '1.0', '1.0', '1.0', '1.0', '1.0', '1.0', '1.0', '1.0', '1.0', '1.0', '1.0', '1.0', '1.0', '1.0', '1.0', '1.0', '1.0', '1.0', '1.0', '1.0', '1.0', '1.0', '1.0', '1.0'] </masses>
        <labels mode="manual"> ['E', 'E', 'E', 'E', 'E', 'E', 'E', 'E', 'E', 'E', 'E', 'E', 'E', 'E', 'E', 'E', 'E', 'E', 'E', 'E', 'E', 'E', 'E', 'E', 'E', 'E', 'E', 'E', 'E', 'E', 'E', 'E', 'E', 'E', 'E', 'E', 'E', 'E', 'E', 'E', 'E', 'E', 'E', 'E', 'E', 'E', 'E', 'E', 'E', 'E', 'E', 'E', 'E', 'E', 'E', 'E', 'E', 'E', 'E', 'E', 'E', 'E', 'E', 'E', 'E', 'E', 'E', 'E', 'E', 'E', 'E', 'E', 'E', 'E', 'E', 'E', 'E', 'E', 'E', 'E', 'E', 'E', 'E', 'E', 'E', 'E', 'E', 'E', 'E', 'E', 'E', 'E', 'E', 'E', 'E', 'E', 'E', 'E', 'E', 'E', 'E', 'E', 'E', 'E', 'E', 'E', 'E', 'E', 'E', 'E', 'E', 'E', 'E', 'E', 'E', 'E', 'E', 'E', 'E', 'E', 'E', 'E', 'E', 'E', 'E', 'E', 'E', 'E', 'E', 'E', 'E', 'E', 'E', 'E', 'E', 'E', 'E', 'E', 'E', 'E', 'E', 'E', 'E', 'E', 'E', 'E', 'E', 'E', 'E', 'E', 'E', 'E', 'E', 'E', 'E', 'E', 'E', 'E', 'E', 'E', 'E', 'E', 'E', 'E', 'E', 'E', 'E', 'E', 'E', 'E', 'E', 'E', 'E', 'E', 'E', 'E', 'E', 'E', 'E', 'E', 'E', 'E', 'E', 'E', 'E', 'E', 'E', 'E', 'E', 'E', 'E', 'E', 'E', 'E', 'E', 'E', 'E', 'E', 'E', 'E', 'E', 'E', 'E', 'E', 'E', 'E', 'E', 'E', 'E', 'E', 'E', 'E', 'E', 'E', 'E', 'E', 'E', 'E', 'E', 'E', 'E', 'E', 'E', 'E', 'E', 'E', 'E', 'E', 'E', 'E', 'E', 'E', 'E', 'E', 'E', 'E', 'E', 'E', 'E', 'E', 'E', 'E', 'E', 'E', 'E', 'E', 'E', 'E', 'E', 'E', 'E', 'E', 'E', 'E', 'E', 'E', 'E', 'E', 'E', 'E', 'E', 'E', 'E', 'E', 'E', 'E', 'E', 'E', 'E', 'E', 'E', 'E', 'E', 'E', 'E', 'E', 'E', 'E', 'E', 'E', 'E', 'E', 'E', 'E', 'E', 'E', 'E', 'E', 'E', 'E', 'E', 'E', 'E', 'E', 'E', 'E', 'E', 'E', 'E', 'E', 'E', 'E', 'E', 'E', 'E', 'E', 'E', 'E', 'E', 'E', 'E', 'E', 'E', 'E', 'E', 'E', 'E', 'E', 'E', 'E', 'E', 'E', 'E', 'E', 'E', 'E', 'E', 'E', 'E', 'E', 'E', 'E', 'E', 'E', 'E', 'E', 'E', 'E', 'E', 'E', 'E', 'E', 'E', 'E', 'E', 'E', 'E', 'E', 'E', 'E', 'E', 'E', 'E', 'E', 'E', 'E', 'E', 'E', 'E', 'E', 'E', 'E', 'E', 'E', 'E', 'E', 'E', 'E', 'E', 'E', 'E', 'E', 'E', 'E', 'E', 'E', 'E', 'E', 'E', 'E', 'E', 'E', 'E', 'E', 'E', 'E', 'E', 'E', 'E', 'E', 'E', 'E', 'E', 'E', 'E', 'E', 'E', 'E', 'E', 'E', 'E', 'E', 'E', 'E', 'E', 'E', 'E', 'E', 'E', 'E', 'E', 'E', 'E', 'E', 'E', 'E', 'E', 'E', 'E', 'E', 'E', 'E', 'E', 'E', 'E', 'E', 'E', 'E', 'E', 'E', 'E', 'E', 'E', 'E', 'E', 'E', 'E', 'E', 'E', 'E', 'E', 'E', 'E', 'E', 'E', 'E', 'E', 'E', 'E', 'E', 'E', 'E', 'E', 'E', 'E', 'E', 'E', 'E', 'E', 'E', 'E', 'E', 'E', 'E', 'E', 'E', 'E', 'E', 'E', 'E', 'E', 'E', 'E', 'E', 'E', 'E', 'E', 'E', 'E', 'E', 'E', 'E', 'E', 'E', 'E', 'E', 'E', 'E', 'E', 'E', 'E', 'E', 'E', 'E', 'E', 'E', 'E', 'E', 'E', 'E', 'E', 'E', 'E', 'E', 'E', 'E', 'E', 'E', 'E', 'E', 'E', 'E', 'E', 'E', 'E', 'E', 'E', 'E', 'E', 'E', 'E', 'E', 'E', 'E', 'E', 'E', 'E', 'E', 'E', 'E', 'E', 'E', 'E', 'E', 'E', 'E', 'E', 'E', 'E', 'E', 'E', 'E', 'E', 'E', 'E', 'E', 'E', 'E', 'E', 'E', 'E', 'E', 'E', 'E', 'E', 'E', 'E', 'E', 'E', 'E', 'E', 'E', 'E', 'E', 'E', 'E', 'E', 'E', 'E', 'E', 'E', 'E', 'E', 'E', 'E', 'E', 'E', 'E', 'E', 'E', 'E', 'E', 'E', 'E', 'E', 'E', 'E', 'E', 'E', 'E', 'E', 'E', 'E', 'E', 'E', 'E', 'E', 'E', 'E', 'E', 'E', 'E', 'E', 'E', 'E', 'E', 'E', 'E', 'E', 'E', 'E', 'E', 'E', 'E', 'E', 'E', 'E', 'E', 'E', 'E', 'E', 'E', 'E', 'E', 'E', 'E', 'E', 'E', 'E', 'E', 'E', 'E', 'E', 'E', 'E', 'E', 'E', 'E', 'E', 'E', 'E', 'E', 'E', 'E', 'E', 'E', 'E', 'E', 'E', 'E', 'E', 'E', 'E', 'E', 'E', 'E', 'E', 'E', 'E', 'E', 'E', 'E', 'E', 'E', 'E', 'E', 'E', 'E', 'E', 'E', 'E', 'E', 'E', 'E', 'E', 'E', 'E', 'E', 'E', 'E', 'E', 'E', 'E', 'E', 'E', 'E', 'E', 'E', 'E', 'E', 'E', 'E', 'E', 'E', 'E', 'E', 'E', 'E', 'E', 'E', 'E', 'E', 'E', 'E', 'E', 'E', 'E', 'E', 'E', 'E', 'E', 'E', 'E', 'E', 'E', 'E', 'E', 'E', 'E', 'E', 'E', 'E', 'E', 'E', 'E', 'E', 'E', 'E', 'E', 'E', 'E', 'E', 'E', 'E', 'E', 'E', 'E', 'E', 'E', 'E', 'E', 'E', 'E', 'E', 'E', 'E', 'E', 'E', 'E', 'E', 'E', 'E', 'E', 'E', 'E', 'E', 'E', 'E', 'E', 'E', 'E', 'E', 'E', 'E', 'E', 'E', 'E', 'E', 'E', 'E', 'E', 'E', 'E', 'E', 'E', 'E', 'E', 'E', 'E', 'E', 'E', 'E', 'E', 'E', 'E', 'E', 'E', 'E', 'E', 'E', 'E', 'E', 'E', 'E', 'E', 'E', 'E', 'E', 'E', 'E', 'E', 'E', 'E', 'E', 'E', 'E', 'E', 'E', 'E', 'E', 'E', 'E', 'E', 'E', 'E', 'E', 'E', 'E', 'E', 'E', 'E', 'E', 'E', 'E', 'E', 'E', 'E', 'E', 'E', 'E', 'E', 'E', 'E', 'E', 'E', 'E', 'E', 'E', 'E', 'E', 'E', 'E', 'E', 'E', 'E', 'E', 'E', 'E', 'E', 'E', 'E', 'E', 'E', 'E', 'E', 'E', 'E', 'E', 'E', 'E', 'E', 'E', 'E', 'E', 'E', 'E', 'E', 'E', 'E', 'E', 'E', 'E', 'E', 'E', 'E', 'E', 'E', 'E', 'E', 'E', 'E', 'E', 'E', 'E', 'E', 'E', 'E', 'E', 'E', 'E', 'E', 'E', 'E', 'E', 'E', 'E', 'E', 'E', 'E', 'E', 'E', 'E', 'E', 'E', 'E', 'E', 'E', 'E', 'E', 'E', 'E', 'E', 'E', 'E', 'E', 'E', 'E', 'E', 'E', 'E', 'E', 'E', 'E', 'E', 'E', 'E', 'E', 'E', 'E', 'E', 'E', 'E', 'E', 'E', 'E', 'E', 'E', 'E', 'E', 'E', 'E', 'E', 'E', 'E', 'E', 'E', 'E', 'E', 'E', 'E', 'E', 'E', 'E', 'E', 'E', 'E', 'E', 'E', 'E', 'E', 'E', 'E', 'E', 'E', 'E', 'E', 'E', 'E', 'E', 'E', 'E', 'E', 'E', 'E', 'E', 'E', 'E', 'E', 'E', 'E', 'E', 'E', 'E', 'E', 'E', 'E', 'E', 'E', 'E', 'E', 'E', 'E', 'E', 'E', 'E', 'E', 'E', 'E', 'E', 'E', 'E', 'E', 'E', 'E', 'E', 'E', 'E', 'E', 'E', 'E', 'E', 'E', 'E', 'E', 'E', 'E', 'E', 'E', 'E', 'E', 'E', 'E', 'E', 'E', 'E', 'E', 'E', 'E', 'E', 'E', 'E', 'E', 'E', 'E', 'E', 'E', 'E', 'E', 'E', 'E', 'E', 'E', 'E', 'E', 'E', 'E', 'E', 'E', 'E', 'E', 'E', 'E', 'E', 'E', 'E', 'E', 'E', 'E', 'E', 'E', 'E', 'E', 'E', 'E', 'E', 'E', 'E', 'E', 'E', 'E', 'E', 'E', 'E', 'E', 'E', 'E', 'E', 'E', 'E', 'E', 'E', 'E', 'E', 'E', 'E', 'E', 'E', 'E', 'E', 'E', 'E', 'E', 'E', 'E', 'E', 'E', 'E', 'E', 'E', 'E', 'E', 'E', 'E', 'E', 'E', 'E', 'E', 'E', 'E', 'E', 'E', 'E', 'E', 'E', 'E', 'E', 'E', 'E', 'E', 'E', 'E', 'E', 'E', 'E', 'E', 'E', 'E', 'E', 'E', 'E', 'E', 'E', 'E', 'E', 'E', 'E', 'E', 'E', 'E', 'E', 'E', 'E', 'E', 'E', 'E', 'E', 'E', 'E', 'E', 'E', 'E', 'E', 'E', 'E', 'E', 'E', 'E', 'E', 'E', 'E', 'E', 'E', 'E', 'E', 'E', 'E', 'E', 'E', 'E', 'E', 'E', 'E', 'E', 'E', 'E', 'E', 'E', 'E', 'E', 'E', 'E', 'E', 'E', 'E', 'E', 'E', 'E', 'E', 'E', 'E', 'E', 'E', 'E', 'E', 'E', 'E', 'E', 'E', 'E', 'E', 'E', 'E', 'E', 'E', 'E', 'E', 'E', 'E', 'E', 'E', 'E', 'E', 'E', 'E', 'E', 'E', 'E', 'E', 'E', 'E', 'E', 'E', 'E', 'E', 'E', 'E', 'E', 'E', 'E', 'E', 'E', 'E', 'E', 'E', 'E', 'E', 'E', 'E', 'E', 'E', 'E', 'E', 'E', 'E', 'E', 'E', 'E', 'E', 'E', 'E', 'E', 'E', 'E', 'E', 'E', 'E', 'E', 'E', 'E', 'E', 'E', 'E', 'E', 'E', 'E', 'E', 'E', 'E', 'E', 'E', 'E', 'E', 'E', 'E', 'E', 'E', 'E', 'E', 'E', 'E', 'E', 'E', 'E', 'E', 'E', 'E', 'E', 'E', 'E', 'E', 'E', 'E', 'E', 'E', 'E', 'E', 'E', 'E', 'E', 'E', 'E', 'E', 'E', 'E', 'E', 'E', 'E', 'E', 'E', 'E', 'E', 'E', 'E', 'E', 'E', 'E', 'E', 'E', 'E', 'E', 'E', 'E', 'E', 'E', 'E', 'E', 'E', 'E', 'E', 'E', 'E', 'E', 'E', 'E', 'E', 'E', 'E', 'E', 'E', 'E', 'E', 'E', 'E', 'E', 'E', 'E', 'E', 'E', 'E', 'E', 'E', 'E', 'E', 'E', 'E', 'E', 'E', 'E', 'E', 'E', 'E', 'E', 'E', 'E', 'E', 'E', 'E', 'E', 'E', 'E', 'E', 'E', 'E', 'E', 'E', 'E', 'E', 'E', 'E', 'E', 'E', 'E', 'E', 'E', 'E', 'E', 'E', 'E', 'E', 'E', 'E', 'E', 'E', 'E', 'E', 'E', 'E', 'E', 'E', 'E', 'E', 'E', 'E', 'E', 'E', 'E', 'E', 'E', 'E', 'E', 'E', 'E', 'E', 'E', 'E', 'E', 'E', 'E', 'E', 'E', 'E', 'E', 'E', 'E', 'E', 'E', 'E', 'E', 'E', 'E', 'E', 'E', 'E', 'E', 'E', 'E', 'E', 'E', 'E', 'E', 'E', 'E', 'E', 'E', 'E', 'E', 'E', 'E', 'E', 'E', 'E', 'E', 'E', 'E', 'E', 'E', 'E', 'E', 'E', 'E', 'E', 'E', 'E', 'E', 'E', 'E', 'E', 'E', 'E', 'E', 'E', 'E', 'E', 'E', 'E', 'E', 'E', 'E', 'E', 'E', 'E', 'E', 'E', 'E', 'E', 'E', 'E', 'E', 'E', 'E', 'E', 'E', 'E', 'E', 'E', 'E', 'E', 'E', 'E', 'E', 'E', 'E', 'E', 'E', 'E', 'E', 'E', 'E', 'E', 'E', 'E', 'E', 'E', 'E', 'E', 'E', 'E', 'E', 'E', 'E', 'E', 'E', 'E', 'E', 'E', 'E', 'E', 'E', 'E', 'E', 'E', 'E', 'E', 'E', 'E', 'E', 'E', 'E', 'E', 'E', 'E', 'E', 'E', 'E', 'E', 'E', 'E', 'E', 'E', 'E', 'E', 'E', 'E', 'E', 'E', 'E', 'E', 'E', 'E', 'E', 'E', 'E', 'E', 'E', 'E', 'E', 'E', 'E', 'E', 'E', 'E', 'E', 'E', 'E', 'E', 'E', 'E', 'E', 'E', 'E', 'E', 'E', 'E', 'E', 'E', 'E', 'E', 'E', 'E', 'E', 'E', 'E', 'E', 'E', 'E', 'E', 'E', 'E', 'E', 'E', 'E', 'E', 'E', 'E', 'E', 'E', 'E', 'E', 'E', 'E', 'E', 'E', 'E', 'E', 'E', 'E', 'E', 'E', 'E', 'E', 'E', 'E', 'E', 'E', 'E', 'E', 'E', 'E', 'E', 'E', 'E', 'E', 'E', 'E', 'E', 'E', 'E', 'E', 'E', 'E', 'E', 'E', 'E', 'E', 'E', 'E', 'E', 'E', 'E', 'E', 'E', 'E', 'E', 'E', 'E', 'E', 'E', 'E', 'E', 'E', 'E', 'E', 'E', 'E', 'E', 'E', 'E', 'E', 'E', 'E', 'E', 'E', 'E', 'E', 'E', 'E', 'E', 'E', 'E', 'E', 'E', 'E', 'E', 'E', 'E', 'E', 'E', 'E', 'E', 'E', 'E', 'E', 'E', 'E', 'E', 'E', 'E', 'E', 'E', 'E', 'E', 'E', 'E', 'E', 'E', 'E', 'E', 'E', 'E', 'E', 'E', 'E', 'E', 'E', 'E', 'E', 'E', 'E', 'E', 'E', 'E', 'E', 'E', 'E', 'E', 'E', 'E', 'E', 'E', 'E', 'E', 'E', 'E', 'E', 'E', 'E', 'E', 'E', 'E', 'E', 'E', 'E', 'E', 'E', 'E', 'E', 'E', 'E', 'E', 'E', 'E', 'E', 'E', 'E', 'E', 'E', 'E', 'E', 'E', 'E', 'E', 'E', 'E', 'E', 'E', 'E', 'E', 'E', 'E', 'E', 'E', 'E', 'E', 'E', 'E', 'E', 'E', 'E', 'E', 'E', 'E', 'E', 'E', 'E', 'E', 'E', 'E', 'E', 'E', 'E', 'E', 'E', 'E', 'E', 'E', 'E', 'E', 'E', 'E', 'E', 'E', 'E', 'E', 'E', 'E', 'E', 'E', 'E', 'E', 'E', 'E', 'E', 'E', 'E', 'E', 'E', 'E', 'E', 'E', 'E', 'E', 'E', 'E', 'E', 'E', 'E', 'E', 'E', 'E', 'E', 'E', 'E', 'E', 'E', 'E', 'E', 'E', 'E', 'E', 'E', 'E', 'E', 'E', 'E', 'E', 'E', 'E', 'E', 'E', 'E', 'E', 'E', 'E', 'E', 'E', 'E', 'E', 'E', 'E', 'E', 'E', 'E', 'E', 'E', 'E', 'E', 'E', 'E', 'E', 'E', 'E', 'E', 'E', 'E', 'E', 'E', 'E', 'E', 'E', 'E', 'E', 'E', 'E', 'E', 'E', 'E', 'E', 'E', 'E', 'E', 'E', 'E', 'E', 'E', 'E', 'E', 'E', 'E', 'E', 'E', 'E', 'E', 'E', 'E', 'E', 'E', 'E', 'E', 'E', 'E', 'E', 'E', 'E', 'E', 'E', 'E', 'E', 'E', 'E', 'E', 'E', 'E', 'E', 'E', 'E', 'E', 'E', 'E', 'E', 'E', 'E', 'E', 'E', 'E', 'E', 'E', 'E', 'E', 'E', 'E', 'E', 'E', 'E', 'E', 'E', 'E', 'E', 'E', 'E', 'E', 'E', 'E', 'E', 'E', 'E', 'E', 'E', 'E', 'E', 'E', 'E', 'E', 'E', 'E', 'E', 'E', 'E', 'E', 'E', 'E', 'E', 'E', 'E', 'E', 'E', 'E', 'E', 'E', 'E', 'E', 'E', 'E', 'E', 'E', 'E', 'E', 'E', 'E', 'E', 'E', 'E', 'E', 'E', 'E', 'E', 'E', 'E', 'E', 'E', 'E', 'E', 'E', 'E', 'E', 'E', 'E', 'E', 'E', 'E', 'E', 'E', 'E', 'E', 'E', 'E', 'E', 'E', 'E', 'E', 'E', 'E', 'E', 'E', 'E', 'E', 'E', 'E', 'E', 'E', 'E', 'E', 'E', 'E', 'E', 'E', 'E', 'E', 'E', 'E', 'E', 'E', 'E', 'E', 'E', 'E', 'E', 'E', 'E'] </labels>
        <cell>
           [   2500, 0, 0, 0, 2500, 0, 0, 0, 2500 ]
        </cell>
        <velocities mode='thermal' units='kelvin'> 17.4 </velocities>
      </initialize>
      <normal_modes propagator='bab'>
        <nmts> 10 </nmts>
          <bosons> [0, 1, 2, 3, 4, 5, 6, 7, 8, 9, 10, 11, 12, 13, 14, 15, 16, 17, 18, 19, 20, 21, 22, 23, 24, 25, 26, 27, 28, 29, 30, 31, 32, 33, 34, 35, 36, 37, 38, 39, 40, 41, 42, 43, 44, 45, 46, 47, 48, 49, 50, 51, 52, 53, 54, 55, 56, 57, 58, 59, 60, 61, 62, 63, 64, 65, 66, 67, 68, 69, 70, 71, 72, 73, 74, 75, 76, 77, 78, 79, 80, 81, 82, 83, 84, 85, 86, 87, 88, 89, 90, 91, 92, 93, 94, 95, 96, 97, 98, 99, 100, 101, 102, 103, 104, 105, 106, 107, 108, 109, 110, 111, 112, 113, 114, 115, 116, 117, 118, 119, 120, 121, 122, 123, 124, 125, 126, 127, 128, 129, 130, 131, 132, 133, 134, 135, 136, 137, 138, 139, 140, 141, 142, 143, 144, 145, 146, 147, 148, 149, 150, 151, 152, 153, 154, 155, 156, 157, 158, 159, 160, 161, 162, 163, 164, 165, 166, 167, 168, 169, 170, 171, 172, 173, 174, 175, 176, 177, 178, 179, 180, 181, 182, 183, 184, 185, 186, 187, 188, 189, 190, 191, 192, 193, 194, 195, 196, 197, 198, 199, 200, 201, 202, 203, 204, 205, 206, 207, 208, 209, 210, 211, 212, 213, 214, 215, 216, 217, 218, 219, 220, 221, 222, 223, 224, 225, 226, 227, 228, 229, 230, 231, 232, 233, 234, 235, 236, 237, 238, 239, 240, 241, 242, 243, 244, 245, 246, 247, 248, 249, 250, 251, 252, 253, 254, 255, 256, 257, 258, 259, 260, 261, 262, 263, 264, 265, 266, 267, 268, 269, 270, 271, 272, 273, 274, 275, 276, 277, 278, 279, 280, 281, 282, 283, 284, 285, 286, 287, 288, 289, 290, 291, 292, 293, 294, 295, 296, 297, 298, 299, 300, 301, 302, 303, 304, 305, 306, 307, 308, 309, 310, 311, 312, 313, 314, 315, 316, 317, 318, 319, 320, 321, 322, 323, 324, 325, 326, 327, 328, 329, 330, 331, 332, 333, 334, 335, 336, 337, 338, 339, 340, 341, 342, 343, 344, 345, 346, 347, 348, 349, 350, 351, 352, 353, 354, 355, 356, 357, 358, 359, 360, 361, 362, 363, 364, 365, 366, 367, 368, 369, 370, 371, 372, 373, 374, 375, 376, 377, 378, 379, 380, 381, 382, 383, 384, 385, 386, 387, 388, 389, 390, 391, 392, 393, 394, 395, 396, 397, 398, 399, 400, 401, 402, 403, 404, 405, 406, 407, 408, 409, 410, 411, 412, 413, 414, 415, 416, 417, 418, 419, 420, 421, 422, 423, 424, 425, 426, 427, 428, 429, 430, 431, 432, 433, 434, 435, 436, 437, 438, 439, 440, 441, 442, 443, 444, 445, 446, 447, 448, 449, 450, 451, 452, 453, 454, 455, 456, 457, 458, 459, 460, 461, 462, 463, 464, 465, 466, 467, 468, 469, 470, 471, 472, 473, 474, 475, 476, 477, 478, 479, 480, 481, 482, 483, 484, 485, 486, 487, 488, 489, 490, 491, 492, 493, 494, 495, 496, 497, 498, 499, 500, 501, 502, 503, 504, 505, 506, 507, 508, 509, 510, 511, 512, 513, 514, 515, 516, 517, 518, 519, 520, 521, 522, 523, 524, 525, 526, 527, 528, 529, 530, 531, 532, 533, 534, 535, 536, 537, 538, 539, 540, 541, 542, 543, 544, 545, 546, 547, 548, 549, 550, 551, 552, 553, 554, 555, 556, 557, 558, 559, 560, 561, 562, 563, 564, 565, 566, 567, 568, 569, 570, 571, 572, 573, 574, 575, 576, 577, 578, 579, 580, 581, 582, 583, 584, 585, 586, 587, 588, 589, 590, 591, 592, 593, 594, 595, 596, 597, 598, 599, 600, 601, 602, 603, 604, 605, 606, 607, 608, 609, 610, 611, 612, 613, 614, 615, 616, 617, 618, 619, 620, 621, 622, 623, 624, 625, 626, 627, 628, 629, 630, 631, 632, 633, 634, 635, 636, 637, 638, 639, 640, 641, 642, 643, 644, 645, 646, 647, 648, 649, 650, 651, 652, 653, 654, 655, 656, 657, 658, 659, 660, 661, 662, 663, 664, 665, 666, 667, 668, 669, 670, 671, 672, 673, 674, 675, 676, 677, 678, 679, 680, 681, 682, 683, 684, 685, 686, 687, 688, 689, 690, 691, 692, 693, 694, 695, 696, 697, 698, 699, 700, 701, 702, 703, 704, 705, 706, 707, 708, 709, 710, 711, 712, 713, 714, 715, 716, 717, 718, 719, 720, 721, 722, 723, 724, 725, 726, 727, 728, 729, 730, 731, 732, 733, 734, 735, 736, 737, 738, 739, 740, 741, 742, 743, 744, 745, 746, 747, 748, 749, 750, 751, 752, 753, 754, 755, 756, 757, 758, 759, 760, 761, 762, 763, 764, 765, 766, 767, 768, 769, 770, 771, 772, 773, 774, 775, 776, 777, 778, 779, 780, 781, 782, 783, 784, 785, 786, 787, 788, 789, 790, 791, 792, 793, 794, 795, 796, 797, 798, 799, 800, 801, 802, 803, 804, 805, 806, 807, 808, 809, 810, 811, 812, 813, 814, 815, 816, 817, 818, 819, 820, 821, 822, 823, 824, 825, 826, 827, 828, 829, 830, 831, 832, 833, 834, 835, 836, 837, 838, 839, 840, 841, 842, 843, 844, 845, 846, 847, 848, 849, 850, 851, 852, 853, 854, 855, 856, 857, 858, 859, 860, 861, 862, 863, 864, 865, 866, 867, 868, 869, 870, 871, 872, 873, 874, 875, 876, 877, 878, 879, 880, 881, 882, 883, 884, 885, 886, 887, 888, 889, 890, 891, 892, 893, 894, 895, 896, 897, 898, 899, 900, 901, 902, 903, 904, 905, 906, 907, 908, 909, 910, 911, 912, 913, 914, 915, 916, 917, 918, 919, 920, 921, 922, 923, 924, 925, 926, 927, 928, 929, 930, 931, 932, 933, 934, 935, 936, 937, 938, 939, 940, 941, 942, 943, 944, 945, 946, 947, 948, 949, 950, 951, 952, 953, 954, 955, 956, 957, 958, 959, 960, 961, 962, 963, 964, 965, 966, 967, 968, 969, 970, 971, 972, 973, 974, 975, 976, 977, 978, 979, 980, 981, 982, 983, 984, 985, 986, 987, 988, 989, 990, 991, 992, 993, 994, 995, 996, 997, 998, 999, 1000, 1001, 1002, 1003, 1004, 1005, 1006, 1007, 1008, 1009, 1010, 1011, 1012, 1013, 1014, 1015, 1016, 1017, 1018, 1019, 1020, 1021, 1022, 1023, 1024, 1025, 1026, 1027, 1028, 1029, 1030, 1031, 1032, 1033, 1034, 1035, 1036, 1037, 1038, 1039, 1040, 1041, 1042, 1043, 1044, 1045, 1046, 1047, 1048, 1049, 1050, 1051, 1052, 1053, 1054, 1055, 1056, 1057, 1058, 1059, 1060, 1061, 1062, 1063, 1064, 1065, 1066, 1067, 1068, 1069, 1070, 1071, 1072, 1073, 1074, 1075, 1076, 1077, 1078, 1079, 1080, 1081, 1082, 1083, 1084, 1085, 1086, 1087, 1088, 1089, 1090, 1091, 1092, 1093, 1094, 1095, 1096, 1097, 1098, 1099, 1100, 1101, 1102, 1103, 1104, 1105, 1106, 1107, 1108, 1109, 1110, 1111, 1112, 1113, 1114, 1115, 1116, 1117, 1118, 1119, 1120, 1121, 1122, 1123, 1124, 1125, 1126, 1127, 1128, 1129, 1130, 1131, 1132, 1133, 1134, 1135, 1136, 1137, 1138, 1139, 1140, 1141, 1142, 1143, 1144, 1145, 1146, 1147, 1148, 1149, 1150, 1151, 1152, 1153, 1154, 1155, 1156, 1157, 1158, 1159, 1160, 1161, 1162, 1163, 1164, 1165, 1166, 1167, 1168, 1169, 1170, 1171, 1172, 1173, 1174, 1175, 1176, 1177, 1178, 1179, 1180, 1181, 1182, 1183, 1184, 1185, 1186, 1187, 1188, 1189, 1190, 1191, 1192, 1193, 1194, 1195, 1196, 1197, 1198, 1199, 1200, 1201, 1202, 1203, 1204, 1205, 1206, 1207, 1208, 1209, 1210, 1211, 1212, 1213, 1214, 1215, 1216, 1217, 1218, 1219, 1220, 1221, 1222, 1223, 1224, 1225, 1226, 1227, 1228, 1229, 1230, 1231, 1232, 1233, 1234, 1235, 1236, 1237, 1238, 1239, 1240, 1241, 1242, 1243, 1244, 1245, 1246, 1247, 1248, 1249, 1250, 1251, 1252, 1253, 1254, 1255, 1256, 1257, 1258, 1259, 1260, 1261, 1262, 1263, 1264, 1265, 1266, 1267, 1268, 1269, 1270, 1271, 1272, 1273, 1274, 1275, 1276, 1277, 1278, 1279, 1280, 1281, 1282, 1283, 1284, 1285, 1286, 1287, 1288, 1289, 1290, 1291, 1292, 1293, 1294, 1295, 1296, 1297, 1298, 1299, 1300, 1301, 1302, 1303, 1304, 1305, 1306, 1307, 1308, 1309, 1310, 1311, 1312, 1313, 1314, 1315, 1316, 1317, 1318, 1319, 1320, 1321, 1322, 1323, 1324, 1325, 1326, 1327, 1328, 1329, 1330, 1331, 1332, 1333, 1334, 1335, 1336, 1337, 1338, 1339, 1340, 1341, 1342, 1343, 1344, 1345, 1346, 1347, 1348, 1349, 1350, 1351, 1352, 1353, 1354, 1355, 1356, 1357, 1358, 1359, 1360, 1361, 1362, 1363, 1364, 1365, 1366, 1367, 1368, 1369, 1370, 1371, 1372, 1373, 1374, 1375, 1376, 1377, 1378, 1379, 1380, 1381, 1382, 1383, 1384, 1385, 1386, 1387, 1388, 1389, 1390, 1391, 1392, 1393, 1394, 1395, 1396, 1397, 1398, 1399, 1400, 1401, 1402, 1403, 1404, 1405, 1406, 1407, 1408, 1409, 1410, 1411, 1412, 1413, 1414, 1415, 1416, 1417, 1418, 1419, 1420, 1421, 1422, 1423, 1424, 1425, 1426, 1427, 1428, 1429, 1430, 1431, 1432, 1433, 1434, 1435, 1436, 1437, 1438, 1439, 1440, 1441, 1442, 1443, 1444, 1445, 1446, 1447, 1448, 1449, 1450, 1451, 1452, 1453, 1454, 1455, 1456, 1457, 1458, 1459, 1460, 1461, 1462, 1463, 1464, 1465, 1466, 1467, 1468, 1469, 1470, 1471, 1472, 1473, 1474, 1475, 1476, 1477, 1478, 1479, 1480, 1481, 1482, 1483, 1484, 1485, 1486, 1487, 1488, 1489, 1490, 1491, 1492, 1493, 1494, 1495, 1496, 1497, 1498, 1499, 1500, 1501, 1502, 1503, 1504, 1505, 1506, 1507, 1508, 1509, 1510, 1511, 1512, 1513, 1514, 1515, 1516, 1517, 1518, 1519, 1520, 1521, 1522, 1523, 1524, 1525, 1526, 1527, 1528, 1529, 1530, 1531, 1532, 1533, 1534, 1535, 1536, 1537, 1538, 1539, 1540, 1541, 1542, 1543, 1544, 1545, 1546, 1547, 1548, 1549, 1550, 1551, 1552, 1553, 1554, 1555, 1556, 1557, 1558, 1559, 1560, 1561, 1562, 1563, 1564, 1565, 1566, 1567, 1568, 1569, 1570, 1571, 1572, 1573, 1574, 1575, 1576, 1577, 1578, 1579, 1580, 1581, 1582, 1583, 1584, 1585, 1586, 1587, 1588, 1589, 1590, 1591, 1592, 1593, 1594, 1595, 1596, 1597, 1598, 1599, 1600, 1601, 1602, 1603, 1604, 1605, 1606, 1607, 1608, 1609, 1610, 1611, 1612, 1613, 1614, 1615, 1616, 1617, 1618, 1619, 1620, 1621, 1622, 1623, 1624, 1625, 1626, 1627, 1628, 1629, 1630, 1631, 1632, 1633, 1634, 1635, 1636, 1637, 1638, 1639, 1640, 1641, 1642, 1643, 1644, 1645, 1646, 1647, 1648, 1649, 1650, 1651, 1652, 1653, 1654, 1655, 1656, 1657, 1658, 1659, 1660, 1661, 1662, 1663, 1664, 1665, 1666, 1667, 1668, 1669, 1670, 1671, 1672, 1673, 1674, 1675, 1676, 1677, 1678, 1679, 1680, 1681, 1682, 1683, 1684, 1685, 1686, 1687, 1688, 1689, 1690, 1691, 1692, 1693, 1694, 1695, 1696, 1697, 1698, 1699, 1700, 1701, 1702, 1703, 1704, 1705, 1706, 1707, 1708, 1709, 1710, 1711, 1712, 1713, 1714, 1715, 1716, 1717, 1718, 1719, 1720, 1721, 1722, 1723, 1724, 1725, 1726, 1727, 1728, 1729, 1730, 1731, 1732, 1733, 1734, 1735, 1736, 1737, 1738, 1739, 1740, 1741, 1742, 1743, 1744, 1745, 1746, 1747, 1748, 1749, 1750, 1751, 1752, 1753, 1754, 1755, 1756, 1757, 1758, 1759, 1760, 1761, 1762, 1763, 1764, 1765, 1766, 1767, 1768, 1769, 1770, 1771, 1772, 1773, 1774, 1775, 1776, 1777, 1778, 1779, 1780, 1781, 1782, 1783, 1784, 1785, 1786, 1787, 1788, 1789, 1790, 1791, 1792, 1793, 1794, 1795, 1796, 1797, 1798, 1799, 1800, 1801, 1802, 1803, 1804, 1805, 1806, 1807, 1808, 1809, 1810, 1811, 1812, 1813, 1814, 1815, 1816, 1817, 1818, 1819, 1820, 1821, 1822, 1823, 1824, 1825, 1826, 1827, 1828, 1829, 1830, 1831, 1832, 1833, 1834, 1835, 1836, 1837, 1838, 1839, 1840, 1841, 1842, 1843, 1844, 1845, 1846, 1847, 1848, 1849, 1850, 1851, 1852, 1853, 1854, 1855, 1856, 1857, 1858, 1859, 1860, 1861, 1862, 1863, 1864, 1865, 1866, 1867, 1868, 1869, 1870, 1871, 1872, 1873, 1874, 1875, 1876, 1877, 1878, 1879, 1880, 1881, 1882, 1883, 1884, 1885, 1886, 1887, 1888, 1889, 1890, 1891, 1892, 1893, 1894, 1895, 1896, 1897, 1898, 1899, 1900, 1901, 1902, 1903, 1904, 1905, 1906, 1907, 1908, 1909, 1910, 1911, 1912, 1913, 1914, 1915, 1916, 1917, 1918, 1919, 1920, 1921, 1922, 1923, 1924, 1925, 1926, 1927, 1928, 1929, 1930, 1931, 1932, 1933, 1934, 1935, 1936, 1937, 1938, 1939, 1940, 1941, 1942, 1943, 1944, 1945, 1946, 1947, 1948, 1949, 1950, 1951, 1952, 1953, 1954, 1955, 1956, 1957, 1958, 1959, 1960, 1961, 1962, 1963, 1964, 1965, 1966, 1967, 1968, 1969, 1970, 1971, 1972, 1973, 1974, 1975, 1976, 1977, 1978, 1979, 1980, 1981, 1982, 1983, 1984, 1985, 1986, 1987, 1988, 1989, 1990, 1991, 1992, 1993, 1994, 1995, 1996, 1997, 1998, 1999, 2000, 2001, 2002, 2003, 2004, 2005, 2006, 2007, 2008, 2009, 2010, 2011, 2012, 2013, 2014, 2015, 2016, 2017, 2018, 2019, 2020, 2021, 2022, 2023, 2024, 2025, 2026, 2027, 2028, 2029, 2030, 2031, 2032, 2033, 2034, 2035, 2036, 2037, 2038, 2039, 2040, 2041, 2042, 2043, 2044, 2045, 2046, 2047] </bosons>
        </normal_modes>
      <ensemble>
         <temperature units='kelvin'> 17.4 </temperature>
      </ensemble>
      <motion mode='dynamics'>
    <fixcom> False </fixcom>
        <dynamics mode='nvt'>
         <timestep units='femtosecond'> 1.0 </timestep>
      <thermostat mode='pile_l'>
        <tau units='femtosecond'>100</tau>
      </thermostat>
        </dynamics>
      </motion>
  </system>
</simulation>
