0.000000000000000000e+00 1.813498001894556320e-04 2.483316668181321626e-05
8.268274600000000873e+01 5.524945471091085729e-05 6.819775468609837322e-06
1.653654920000000175e+02 -1.359862911574288911e-04 2.097154369517978241e-05
2.480482380000000262e+02 -1.132901726560093299e-04 1.783175771094254545e-05
3.307309840000000349e+02 8.039170384939620269e-05 1.151572501124171346e-05
4.134137300000000437e+02 1.525582627556589855e-04 2.344980536396708336e-05
4.960964760000000524e+02 -2.715960145967493393e-07 4.311305270648914877e-06
5.787792220000001180e+02 -1.474350337617757784e-04 2.212957779423266341e-05
6.614619680000000699e+02 -7.538587553338931609e-05 1.397794712343613682e-05
7.441447140000000218e+02 1.015301197259455598e-04 1.511147189869174342e-05
8.268274600000000873e+02 1.223309297368772245e-04 2.065104624481882905e-05
9.095102060000001529e+02 -3.495180337776763584e-05 7.530240971345987539e-06
9.921929520000001048e+02 -1.342857786462037673e-04 2.144357595564137938e-05
1.074875698000000057e+03 -3.717989948361618207e-05 1.089551448710787796e-05
1.157558444000000236e+03 1.037760315428041798e-04 1.708573453710136018e-05
1.240241190000000188e+03 8.281725354722800267e-05 1.735801716798158391e-05
1.322923936000000140e+03 -5.911045465594784730e-05 1.081564453406360309e-05
1.405606682000000092e+03 -1.092955942342334645e-04 1.970370760915032536e-05
1.488289428000000044e+03 -1.211200777917079084e-06 9.836422900480116084e-06
1.570972174000000223e+03 9.938031163290585537e-05 1.741135234642222771e-05
1.653654920000000175e+03 4.938862772271944147e-05 1.446900680623032795e-05
1.736337666000000127e+03 -6.687132232360003834e-05 1.311529630311917358e-05
1.819020412000000306e+03 -7.641538330805807029e-05 1.687929281998330340e-05
1.901703158000000258e+03 2.580319250908534996e-05 1.045610166780102376e-05
1.984385904000000210e+03 8.303158024309197603e-05 1.678501696722951422e-05
2.067068650000000162e+03 1.635594121024957207e-05 1.199534959656391480e-05
2.149751396000000113e+03 -6.793324524805974989e-05 1.381235544973591636e-05
2.232434142000000065e+03 -4.763945369386402847e-05 1.479591440721662734e-05
2.315116888000000472e+03 3.817038605233846873e-05 1.171459548108909056e-05
2.397799634000000424e+03 6.064278394680770420e-05 1.523840568135020094e-05
2.480482380000000376e+03 -5.104429752259622509e-06 1.113001112149983261e-05
2.563165126000000328e+03 -5.522580886010325949e-05 1.403040270144365459e-05
2.645847872000000280e+03 -1.989711030947130063e-05 1.275979665566120455e-05
2.728530618000000231e+03 4.040947346834632196e-05 1.192548800169081846e-05
2.811213364000000183e+03 3.626346039553998495e-05 1.390629111925459336e-05
2.893896110000000135e+03 -1.944776609012758263e-05 1.093047016125408476e-05
2.976578856000000087e+03 -4.188169916758174144e-05 1.352864868251434862e-05
3.059261602000000494e+03 -3.589928024744672977e-06 1.117939629653407902e-05
3.141944348000000446e+03 3.372706826158323909e-05 1.245744715395629235e-05
3.224627094000000398e+03 1.809579575488855289e-05 1.249622065583404874e-05
3.307309840000000349e+03 -2.062631690058903443e-05 1.117555948672093853e-05
3.389992586000000301e+03 -2.430690233644055301e-05 1.342588023572220152e-05
3.472675332000000253e+03 7.262230928383455275e-06 9.909548345828344949e-06
3.555358078000000205e+03 2.428255943213664805e-05 1.259572496039067983e-05
3.638040824000000612e+03 4.465028618512955393e-06 1.077407061993026509e-05
3.720723570000000564e+03 -1.955168999529886600e-05 1.134704725631653394e-05
3.803406316000000515e+03 -1.409877866397987885e-05 1.219950391313996452e-05
3.886089062000000467e+03 8.417563718349180423e-06 9.618164597662065397e-06
3.968771808000000419e+03 1.417834323350628925e-05 1.289131407932341207e-05
4.051454554000000371e+03 -1.635895998554153272e-06 8.963768709759589015e-06
4.134137300000000323e+03 -1.319352938255222317e-05 1.197793495570862520e-05
4.216820046000000730e+03 -5.041763235524689787e-06 1.088636726650178245e-05
4.299502792000000227e+03 8.433122198251673861e-06 9.832692206999486806e-06
4.382185538000000633e+03 8.011604619642631622e-06 1.222013387243760364e-05
4.464868284000000131e+03 -3.383600501885353255e-06 8.120551233378490993e-06
4.547551030000000537e+03 -8.697230911158658094e-06 1.228162517721652071e-05
4.630233776000000944e+03 -2.105086388060436792e-06 9.277398064843910854e-06
4.712916522000000441e+03 5.478984727968300694e-06 1.084566133268411982e-05
4.795599268000000848e+03 4.000664530031244034e-06 1.134879607895333647e-05
4.878282014000000345e+03 -2.780490728977870029e-06 8.492224959574930595e-06
4.960964760000000751e+03 -4.785921154814887697e-06 1.223774718880206336e-05
5.043647506000000249e+03 1.743637742971079628e-07 8.563986481918271871e-06
5.126330252000000655e+03 4.829306366605277975e-06 1.116728887471341422e-05
5.209012998000000152e+03 3.165974758994043530e-06 1.014412751647626489e-05
5.291695744000000559e+03 -2.084970039558568463e-06 9.774605979175252137e-06
5.374378490000000966e+03 -3.930669711209468960e-06 1.137040613909564436e-05
5.457061236000000463e+03 -4.577274633320863792e-07 8.680503282181305697e-06
5.539743982000000869e+03 3.116454009659672298e-06 1.156215907052677402e-05
5.622426728000000367e+03 1.790213656034632016e-06 9.532048391275818762e-06
5.705109474000000773e+03 -2.440028916563456697e-06 1.037248156045034987e-05
5.787792220000000270e+03 -3.335759559953547600e-06 1.024333415849967349e-05
5.870474966000000677e+03 7.781291374494901431e-07 9.616703487570479465e-06
5.953157712000000174e+03 4.230392116618406861e-06 1.096890422340222788e-05
6.035840458000000581e+03 1.858686855068457364e-06 9.168527498242524148e-06
6.118523204000000987e+03 -3.194688419717556031e-06 1.104721866312576440e-05
6.201205950000000485e+03 -3.592753692152882121e-06 9.963491395333536800e-06
6.283888696000000891e+03 1.292931537473303894e-06 1.051183394717918081e-05
6.366571442000000388e+03 3.970400899052640672e-06 1.046051676793457930e-05
6.449254188000000795e+03 4.659693269313383216e-08 9.932216720504024462e-06
6.531936934000000292e+03 -4.554252676421490821e-06 1.090239420900093562e-05
6.614619680000000699e+03 -2.274407645291573175e-06 9.659153746700512681e-06
6.697302426000001105e+03 4.021683301834675856e-06 1.099802524141284721e-05
6.779985172000000603e+03 4.722299475084302206e-06 9.885199132265435194e-06
6.862667918000001009e+03 -1.641085672696325837e-06 1.067120647854045064e-05
6.945350664000000506e+03 -5.410552595018453045e-06 1.065511605170484380e-05
7.028033410000000913e+03 -5.261941801918443842e-07 9.730878536904415555e-06
7.110716156000000410e+03 5.521499712910807121e-06 1.126374555331955145e-05
7.193398902000000817e+03 2.902439515390224085e-06 9.688395685821354062e-06
7.276081648000001223e+03 -4.828376009946269543e-06 1.106861510178571690e-05
7.358764394000000721e+03 -5.597001222652032764e-06 9.900956151316535808e-06
7.441447140000001127e+03 2.344489045871159121e-06 1.040176092186952601e-05
7.524129886000000624e+03 7.020800772584158413e-06 1.108728806411233227e-05
7.606812632000001031e+03 9.837300726703812927e-07 9.360372503708902289e-06
7.689495378000000528e+03 -6.713887633582875272e-06 1.140000380583894574e-05
7.772178124000000935e+03 -4.102776136009578845e-06 8.996651449222067625e-06
7.854860870000000432e+03 5.026141854162594362e-06 1.101217634429892041e-05
7.937543616000000839e+03 6.529922332404507418e-06 1.019223222161352238e-05
8.020226362000001245e+03 -2.318799092187728574e-06 9.521072958003558114e-06
8.102909108000000742e+03 -8.199031345954542889e-06 1.143852138370990933e-05
8.185591854000001149e+03 -1.981760762676378245e-06 8.669647745679931821e-06
8.268274600000000646e+03 7.067961094460762663e-06 1.169079246867967379e-05
8.350957346000001053e+03 5.231483621975213170e-06 9.406267969157994731e-06
8.433640092000001459e+03 -4.641329985136891287e-06 1.061342071145611047e-05
8.516322838000000047e+03 -7.362458509915201705e-06 1.123778350056362004e-05
8.599005584000000454e+03 1.278039352201105639e-06 8.847592436216346494e-06
8.681688330000000860e+03 7.983154696362200660e-06 1.196872110711439591e-05
8.764371076000001267e+03 2.350979452700555139e-06 8.994283751499287425e-06
8.847053822000001674e+03 -7.130715182730378288e-06 1.178715269731960779e-05
8.929736568000000261e+03 -6.056673601161676802e-06 1.059886892333321969e-05
9.012419314000000668e+03 3.911539925616064464e-06 9.978089358194019629e-06
9.095102060000001075e+03 7.692651480571885539e-06 1.249226569001267973e-05
9.177784806000001481e+03 -2.241192249927001300e-07 9.165850324145015846e-06
9.260467552000001888e+03 -7.627799297498805356e-06 1.247303958800036749e-05
9.343150298000000475e+03 -3.354960040584032982e-06 1.000098390666062080e-05
9.425833044000000882e+03 5.924618118957192829e-06 1.127323896090237447e-05
9.508515790000001289e+03 6.146539443675827655e-06 1.194581744598147117e-05
9.591198536000001695e+03 -2.873716209187413179e-06 9.750056761414231511e-06
9.673881282000000283e+03 -7.545245734217206644e-06 1.269143771287129848e-05
9.756564028000000690e+03 -1.127301249011593731e-06 9.988117848342265343e-06
9.839246774000001096e+03 6.512997661051400533e-06 1.250585809576670893e-05
9.921929520000001503e+03 4.111661538180983816e-06 1.107952095186685336e-05
1.000461226600000191e+04 -4.286690928939745882e-06 1.091387606910535748e-05
1.008729501200000050e+04 -5.962449700943586393e-06 1.248144166600263236e-05
1.016997775800000090e+04 1.316504230719347926e-06 1.000708990860581459e-05
1.025266050400000131e+04 6.448175999056437189e-06 1.253116465541987231e-05
1.033534325000000172e+04 1.967144365196632852e-06 1.061011143542246736e-05
1.041802599600000030e+04 -5.145988910347192189e-06 1.182120261531207516e-05
1.050070874200000071e+04 -4.502344868603368453e-06 1.185153070984605321e-05
1.058339148800000112e+04 2.313758704116222553e-06 1.082768723160412640e-05
1.066607423400000152e+04 4.874224128294233966e-06 1.230576397230223761e-05
1.074875698000000193e+04 -2.359479817163042117e-07 1.049910006614981812e-05
1.083143972600000052e+04 -4.934044352391936180e-06 1.217875417222357050e-05
1.091412247200000093e+04 -2.346862459102590737e-06 1.131457841554067744e-05
1.099680521800000133e+04 3.232265389020150570e-06 1.102120038734206352e-05
1.107948796400000174e+04 3.535086499344008546e-06 1.212544778863885947e-05
1.116217071000000033e+04 -1.298588365659293158e-06 1.108812125942615828e-05
1.124485345600000073e+04 -3.736184097422231234e-06 1.189147745841811045e-05
1.132753620200000114e+04 -5.313804063389479379e-07 1.130338305645236854e-05
1.141021894800000155e+04 3.088186040401818139e-06 1.144990329459666837e-05
1.149290169400000195e+04 1.938291085329421588e-06 1.187999878600228976e-05
1.157558444000000054e+04 -1.737642262614694021e-06 1.171744927758505133e-05
1.165826718600000095e+04 -2.448817905879876019e-06 1.169939147418648314e-05
1.174094993200000135e+04 3.598801952078639332e-07 1.168346851022023147e-05
1.182363267800000176e+04 2.306217503905573203e-06 1.189715682160240576e-05
1.190631542400000035e+04 9.083781559438443821e-07 1.184846357705530580e-05
1.198899817000000075e+04 -1.396163036099450381e-06 1.218590581042528273e-05
1.207168091600000116e+04 -1.445051295971976420e-06 1.127426227616534734e-05
1.215436366200000157e+04 3.724332987631578981e-07 1.260733120392323815e-05
1.223704640800000197e+04 1.428508946375582468e-06 1.174757779787878970e-05
1.231972915400000056e+04 6.050348337261263732e-07 1.192391420851763895e-05
1.240241190000000097e+04 -8.092054558189088147e-07 1.266208009850972906e-05
1.248509464600000138e+04 -1.166639719640815533e-06 1.052706391292760943e-05
1.256777739200000178e+04 -2.252188881388762569e-07 1.328598528932303786e-05
1.265046013800000219e+04 9.577427479515963165e-07 1.071297869447478883e-05
1.273314288400000078e+04 1.129505864660666468e-06 1.223583181198483516e-05
1.281582563000000118e+04 -1.307906288375938174e-08 1.244110491238975312e-05
1.289850837600000159e+04 -1.291891756130029960e-06 1.029668847219765570e-05
1.298119112200000200e+04 -1.027986062048856428e-06 1.373802686329295158e-05
1.306387386800000058e+04 7.747650089364134442e-07 9.167364174814203169e-06
1.314655661400000099e+04 1.801945797770063129e-06 1.305674427760256004e-05
1.322923936000000140e+04 2.728477283692610240e-07 1.130506820796819842e-05
1.331192210600000180e+04 -2.080129094135902282e-06 1.044941865070287636e-05
1.339460485200000221e+04 -1.791297334057425628e-06 1.332455606280528644e-05
1.347728759800000080e+04 1.258595768240524331e-06 7.794432377372707515e-06
1.355997034400000121e+04 2.880110078933202130e-06 1.345011230196614931e-05
1.364265309000000161e+04 3.583683763344450141e-07 9.318446592197933003e-06
1.372533583600000202e+04 -2.988299475231840692e-06 1.118921481866454957e-05
1.380801858200000061e+04 -2.047439752716773967e-06 1.210345725808360807e-05
1.389070132800000101e+04 2.297371924002231537e-06 7.533812108433019401e-06
1.397338407400000142e+04 3.719338219110475492e-06 1.300941534247711023e-05
1.405606682000000183e+04 -3.280835960354320550e-07 7.008128031241979114e-06
1.413874956600000223e+04 -4.242184308238571121e-06 1.160726926086597822e-05
1.422143231200000082e+04 -2.081326503320479558e-06 9.972078306641153614e-06
1.430411505800000123e+04 3.372300082097884790e-06 8.114342829781243690e-06
1.438679780400000163e+04 4.159180843409830954e-06 1.180935028174869022e-05
1.446948055000000204e+04 -1.148122895603705375e-06 5.634266980174335120e-06
1.455216329600000245e+04 -4.912214350117146266e-06 1.121561743385664492e-05
1.463484604200000103e+04 -1.447541616461969535e-06 7.564482945962371332e-06
1.471752878800000144e+04 4.367216209163723970e-06 8.515145966106720318e-06
1.480021153400000185e+04 3.976803994666816170e-06 9.775457262615604932e-06
1.488289428000000225e+04 -2.234183926641095163e-06 5.629207112049413148e-06
1.496557702600000084e+04 -5.310670693295072530e-06 9.981824662869938174e-06
1.504825977200000125e+04 -7.712523712992021585e-07 6.113508461479967075e-06
1.513094251800000166e+04 4.780867194665058553e-06 8.493265841472536526e-06
1.521362526400000206e+04 3.259225553035158125e-06 8.237318157734528764e-06
1.529630801000000247e+04 -3.124340830237161579e-06 6.166390609011061484e-06
1.537899075600000106e+04 -5.111755502503116041e-06 8.730938036297132418e-06
1.546167350200000146e+04 1.133809680518714682e-07 6.245323552216123887e-06
1.554435624800000187e+04 4.917621414205303110e-06 7.893785758923193839e-06
1.562703899400000228e+04 2.460860151703756470e-06 7.527511322512195445e-06
1.570972174000000086e+04 -3.463301943469136295e-06 6.887683756650453625e-06
1.579240448600000127e+04 -4.196563323366992082e-06 7.994830982034078714e-06
1.587508723200000168e+04 1.178125410715130066e-06 6.918025540998604818e-06
1.595776997800000208e+04 4.767358051477936500e-06 8.289438992277948549e-06
1.604045272400000249e+04 1.524188433212940720e-06 7.608115439997622536e-06
1.612313547000000108e+04 -3.667977512006759774e-06 7.859132092422571830e-06
1.620581821600000148e+04 -3.391696627459378376e-06 8.162452446913843375e-06
1.628850096200000189e+04 1.675988931628984539e-06 7.929267696674546721e-06
1.637118370800000230e+04 4.144597937432956361e-06 8.930457000841950075e-06
1.645386645400000270e+04 7.112435426836607717e-07 7.671774811956435903e-06
1.653654920000000129e+04 -3.436039620977597518e-06 9.267265710089662357e-06
1.661923194600000352e+04 -2.427332159163562394e-06 8.144147220824197217e-06
1.670191469200000211e+04 1.963035160877258630e-06 9.308792395067804322e-06
1.678459743800000069e+04 3.269079658413255806e-06 9.509031240190754110e-06
1.686728018400000292e+04 -2.176799252249900763e-07 8.338617567813023696e-06
1.694996293000000151e+04 -3.308219592595885841e-06 1.085495170596440872e-05
1.703264567600000009e+04 -1.696421318608049599e-06 8.020232447811627348e-06
1.711532842200000232e+04 1.984992141756157985e-06 1.073636870618047901e-05
1.719801116800000091e+04 2.390406251883097845e-06 9.119209560510011060e-06
1.728069391400000313e+04 -7.225880239166794263e-07 9.502872960102516672e-06
1.736337666000000172e+04 -2.574809854482398669e-06 1.143158766760703230e-05
1.744605940600000031e+04 -6.463309521703139771e-07 7.709186494431751488e-06
1.752874215200000253e+04 1.887688891562182528e-06 1.181441340741897040e-05
1.761142489800000112e+04 1.296672110494515683e-06 8.462918958398720702e-06
1.769410764400000335e+04 -1.183428921016572365e-06 1.096700308912835246e-05
1.777679039000000193e+04 -1.673076688735840021e-06 1.075502643441020907e-05
1.785947313600000052e+04 3.021709681456726496e-07 8.633528686537098181e-06
1.794215588200000275e+04 1.450958402452171854e-06 1.211837441733869262e-05
1.802483862800000134e+04 1.510969062092876496e-07 7.553029945819403615e-06
1.810752137400000356e+04 -1.173334728950001909e-06 1.182868373793144879e-05
1.819020412000000215e+04 -2.811932058840602228e-07 9.025434378129662956e-06
1.827288686600000074e+04 1.235645220677145457e-06 1.000798423254672178e-05
1.835556961200000296e+04 7.645796728217922217e-07 1.125882714881523565e-05
1.843825235800000155e+04 -8.895183682505077141e-07 7.809934703614535706e-06
1.852093510400000378e+04 -8.605309826769608072e-07 1.212128428064258973e-05
1.860361785000000236e+04 9.005508851745623018e-07 7.464608358930832143e-06
1.868630059600000095e+04 1.429387042826833786e-06 1.126998046367845015e-05
1.876898334200000318e+04 -3.268083191916862986e-07 9.544899806226538343e-06
1.885166608800000176e+04 -1.555079587146466300e-06 8.666508851711380595e-06
1.893434883400000035e+04 -5.281621075461669164e-08 1.147215712739049664e-05
1.901703158000000258e+04 1.947648243955903765e-06 6.937022689818330669e-06
1.909971432600000117e+04 1.097816905956443891e-06 1.180153245311541956e-05
1.918239707200000339e+04 -1.570864206544935083e-06 7.641627494493303331e-06
1.926507981800000198e+04 -1.931118124087150923e-06 1.002152698404142600e-05
1.934776256400000057e+04 7.644446629754025426e-07 1.008513920550092769e-05
1.943044531000000279e+04 2.368337375276987818e-06 7.525684604011282749e-06
1.951312805600000138e+04 1.335930976387319598e-07 1.173288518374018744e-05
1.959581080200000360e+04 -2.724457723807858075e-06 6.234509163282669798e-06
1.967849354800000219e+04 -1.702217104662723854e-06 1.141595638015059251e-05
1.976117629400000078e+04 1.891639466994939338e-06 8.824943994207967889e-06
1.984385904000000301e+04 2.564019304827230663e-06 8.679735935641141794e-06
1.992654178600000159e+04 -9.632671116572126235e-07 1.083190720566151853e-05
2.000922453200000382e+04 -3.439545929354482350e-06 6.703382882057774855e-06
2.009190727800000241e+04 -8.966622588347958841e-07 1.170089807066765006e-05
2.017459002400000099e+04 3.072119637675274746e-06 7.028142393928424805e-06
2.025727277000000322e+04 2.458497787451983521e-06 1.028105160929410406e-05
2.033995551600000181e+04 -1.951775814293671650e-06 9.602212252268563784e-06
2.042263826200000040e+04 -3.455843922007320370e-06 8.218115089529892938e-06
2.050532100800000262e+04 4.455132382727888303e-07 1.171066637708152424e-05
2.058800375400000121e+04 3.989734164581281386e-06 7.212006808162908013e-06
2.067068650000000343e+04 1.745513912415765825e-06 1.102638727557025107e-05
2.075336924600000202e+04 -2.999163565842666372e-06 8.432624130844799772e-06
2.083605199200000061e+04 -3.097918613354017090e-06 9.744424875191090590e-06
2.091873473800000284e+04 1.573924860946705698e-06 1.040522637223272429e-05
2.100141748400000142e+04 3.886830747886753327e-06 8.060883432393092126e-06
2.108410023000000365e+04 3.220340803514420788e-07 1.123366451011732753e-05
2.116678297600000224e+04 -3.686409998786536193e-06 8.132181774333149064e-06
2.124946572200000082e+04 -2.086232088474714921e-06 1.048991561585793059e-05
2.133214846800000305e+04 2.625361942564658105e-06 9.422765099627029208e-06
2.141483121400000164e+04 3.306221875158624754e-06 9.621603700298591606e-06
2.149751396000000386e+04 -9.809819213981986262e-07 1.051640994951528000e-05
2.158019670600000245e+04 -3.710550789840339051e-06 8.821002243786200416e-06
2.166287945200000104e+04 -8.774338313663942290e-07 1.057704917114199012e-05
2.174556219800000326e+04 3.082560669626071996e-06 8.799212509846183293e-06
2.182824494400000185e+04 2.172500052572497851e-06 1.051127205890913287e-05
2.191092769000000408e+04 -2.127538925025102268e-06 9.445010775921974195e-06
2.199361043600000266e+04 -3.310035817922940525e-06 9.859491128527174891e-06
2.207629318200000125e+04 3.054212693947478354e-07 1.004280152569147549e-05
2.215897592800000348e+04 3.256085242330760523e-06 9.261135072891661738e-06
2.224165867400000207e+04 1.267373313758627695e-06 1.065214670650720318e-05
2.232434142000000065e+04 -2.477204039033606576e-06 8.677481046929351414e-06
2.240702416600000288e+04 -2.388178573417942520e-06 1.061983129797548706e-05
2.248970691200000147e+04 1.185176021259441792e-06 9.189061148573170174e-06
2.257238965800000369e+04 2.792635847379477399e-06 9.862012848201396270e-06
2.265507240400000228e+04 1.708398372073301909e-07 1.010477881305604682e-05
2.273775515000000087e+04 -2.618545174627495741e-06 9.248786845127047212e-06
2.282043789600000309e+04 -1.530043686306280799e-06 1.083185474224861682e-05
2.290312064200000168e+04 1.641789054896197912e-06 8.546021768837748809e-06
2.298580338800000391e+04 2.286388835503338407e-06 1.056944754733223573e-05
2.306848613400000249e+04 -2.729689543094515288e-07 9.369500730368633540e-06
2.315116888000000108e+04 -2.179241512705960513e-06 9.538909742053409060e-06
2.323385162600000331e+04 -8.265771810186824485e-07 1.021680426920497973e-05
2.331653437200000189e+04 1.686969501377324075e-06 8.875304604097954004e-06
2.339921711800000412e+04 1.865530319562264860e-06 1.031724040019313632e-05
2.348189986400000271e+04 -3.412045631770366027e-07 8.883357312412126940e-06
2.356458261000000130e+04 -1.845067413341932354e-06 1.002518733080634715e-05
2.364726535600000352e+04 -8.070516755199498032e-07 9.474644421594016563e-06
2.372994810200000211e+04 1.191854740477844648e-06 9.304679586412556181e-06
2.381263084800000070e+04 1.539614187916903585e-06 9.578920519269110300e-06
2.389531359400000292e+04 -1.167352481419264640e-07 9.045276301859186954e-06
2.397799634000000151e+04 -1.708983826847298336e-06 9.551725304843127973e-06
2.406067908600000374e+04 -1.338438855002549558e-06 9.250289757642231585e-06
2.414336183200000232e+04 5.758519267727907840e-07 9.705084377223921653e-06
2.422604457800000091e+04 1.735930901424060844e-06 8.751695273257756045e-06
2.430872732400000314e+04 5.466163722988770333e-07 9.866839806191187088e-06
2.439141007000000172e+04 -1.768007110457408604e-06 8.698096826108612408e-06
2.447409281600000395e+04 -2.239487102976920706e-06 9.477589539411081145e-06
2.455677556200000254e+04 9.879262116505082003e-08 9.474959371326202576e-06
2.463945830800000113e+04 2.361272087710521962e-06 8.395974836897416525e-06
2.472214105400000335e+04 1.245522408162216284e-06 1.046362992873691210e-05
2.480482380000000194e+04 -2.055747527377138241e-06 7.661201413338786454e-06
2.488750654600000416e+04 -2.870959203201296580e-06 1.022309515708134366e-05
2.497018929200000275e+04 3.786365920354832491e-07 8.835848919157254487e-06
2.505287203800000134e+04 3.331907683127464318e-06 8.949487482677407553e-06
2.513555478400000356e+04 1.552237503737878488e-06 1.009142377458661998e-05
2.521823753000000215e+04 -2.751648154665028463e-06 7.396701346291250861e-06
2.530092027600000438e+04 -3.391989657482762565e-06 1.060699605576753724e-05
2.538360302200000297e+04 8.666547421183077827e-07 7.678955996193569602e-06
2.546628576800000155e+04 4.073460494321877702e-06 9.784034556148625734e-06
2.554896851400000378e+04 1.476011229036299284e-06 8.995962625876711480e-06
2.563165126000000237e+04 -3.333884104081971088e-06 8.321685724638721896e-06
2.571433400600000095e+04 -3.295994512256393774e-06 9.788993562952221674e-06
2.579701675200000318e+04 1.824245016446049105e-06 7.527243806940010475e-06
2.587969949800000177e+04 4.722953358783966190e-06 9.751981672358270777e-06
2.596238224400000399e+04 1.017172952364601425e-06 7.574354098560707007e-06
2.604506499000000258e+04 -4.154245507969703627e-06 8.888229746695977320e-06
2.612774773600000117e+04 -3.341924192647240973e-06 7.980986878301465329e-06
2.621043048200000339e+04 2.359359393321513160e-06 8.376602083765957089e-06
2.629311322800000198e+04 4.667248578308114803e-06 8.546258491598584747e-06
2.637579597400000421e+04 1.234067996891481499e-07 7.387818643830099690e-06
2.645847872000000280e+04 -4.701357712522881397e-06 8.593754781790049620e-06
2.654116146600000138e+04 -2.728514511556529046e-06 6.442573332651267733e-06
2.662384421200000361e+04 3.209656453086523416e-06 8.487054030438248838e-06
2.670652695800000220e+04 4.456667794415157842e-06 6.277018382845739715e-06
2.678920970400000442e+04 -7.453919962758225883e-07 8.188689656230630775e-06
2.687189245000000301e+04 -4.678342963381073192e-06 7.038060184895024131e-06
2.695457519600000160e+04 -1.573415942578324305e-06 6.853955568468821422e-06
2.703725794200000382e+04 3.918699174694819465e-06 8.079517315688394393e-06
2.711994068800000241e+04 3.732404380334141207e-06 5.348066707193489560e-06
2.720262343400000464e+04 -1.684006760155590479e-06 8.601431106427181059e-06
2.728530618000000322e+04 -4.246653908228165709e-06 5.026958448873403986e-06
2.736798892600000181e+04 -3.509157137581729789e-07 8.018045220237234724e-06
2.745067167200000404e+04 4.015191453190349823e-06 6.423350592169530798e-06
2.753335441800000262e+04 2.470337160897278517e-06 6.546718632274931829e-06
2.761603716400000121e+04 -2.445207141689361015e-06 7.901883269428051356e-06
2.769871991000000344e+04 -3.465327913323783448e-06 4.990064793040112476e-06
2.778140265600000203e+04 5.459732394952266615e-07 8.709712337688588641e-06
2.786408540200000425e+04 3.335347125172493408e-06 5.064425927169067653e-06
2.794676814800000284e+04 9.076662584002203205e-07 8.207410353584762054e-06
2.802945089400000143e+04 -2.801200102925544129e-06 6.415645344429816901e-06
2.811213364000000365e+04 -2.262799618072964957e-06 6.956183024526490938e-06
2.819481638600000224e+04 1.393662003842483335e-06 7.937689668756000240e-06
2.827749913200000447e+04 2.553904768753333901e-06 5.445268547480847606e-06
2.836018187800000305e+04 -2.361527307679204244e-07 9.045438592926041698e-06
2.844286462400000164e+04 -2.488357624212009580e-06 5.299990429469595047e-06
2.852554737000000387e+04 -9.243217971597744102e-07 8.929502381074375285e-06
2.860823011600000245e+04 1.735065862340324666e-06 6.690914586770046907e-06
2.869091286200000468e+04 1.353466798988663302e-06 7.229847076156601032e-06
2.877359560800000327e+04 -1.227886293067473022e-06 8.334173986575625005e-06
2.885627835400000185e+04 -1.814419303969425374e-06 5.734120507528777930e-06
2.893896110000000408e+04 4.408574712188647137e-07 9.617950882413360956e-06
2.902164384600000267e+04 1.839894282875051277e-06 5.400446390138098487e-06
2.910432659200000489e+04 1.870539410252832185e-07 8.969943591760071172e-06
2.918700933800000348e+04 -1.706456934210659785e-06 7.144453954389385702e-06
2.926969208400000207e+04 -6.991033707910431717e-07 7.064789494499472358e-06
2.935237483000000429e+04 1.487461933151399123e-06 9.064847030022535885e-06
2.943505757600000288e+04 1.111314550407218611e-06 5.736535110357148621e-06
2.951774032200000147e+04 -1.301584208389362468e-06 9.518940901560753244e-06
2.960042306800000370e+04 -1.673218198241822267e-06 6.347020777623693916e-06
2.968310581400000228e+04 8.468361356167657570e-07 8.425358429400759788e-06
2.976578856000000451e+04 2.211351850984199080e-06 7.951238467614514871e-06
2.984847130600000310e+04 2.708898155194462070e-08 6.813451259915451586e-06
2.993115405200000168e+04 -2.228871264828271914e-06 9.562320651590209557e-06
3.001383679800000391e+04 -6.106306406543102950e-07 6.376699375945078103e-06
3.009651954400000250e+04 2.610006551820984718e-06 9.046855397147428234e-06
3.017920229000000472e+04 2.145517428296982190e-06 7.615182200785590204e-06
3.026188503600000331e+04 -1.669373588986930568e-06 8.039960355777610518e-06
3.034456778200000190e+04 -2.860185316017536381e-06 9.236521574868035246e-06
3.042725052800000412e+04 7.722331239956086407e-07 6.795360826696447610e-06
3.050993327400000271e+04 3.666622253442127389e-06 9.765105840966647460e-06
3.059261602000000494e+04 9.456897279446330685e-07 7.415092500658530698e-06
3.067529876600000352e+04 -3.566314709308970037e-06 8.786967029658318708e-06
3.075798151200000211e+04 -2.829512557772584992e-06 8.752433138917809305e-06
3.084066425800000434e+04 2.342404544204923717e-06 7.691333333927850960e-06
3.092334700400000293e+04 4.008022422398013811e-06 1.009182085789343113e-05
3.100602975000000151e+04 -7.980537808341390708e-07 7.252312700601898134e-06
3.108871249600000374e+04 -5.027707083012627269e-06 9.829831128609940529e-06
3.117139524200000233e+04 -2.034225553387191664e-06 8.245705601271053912e-06
3.125407798800000455e+04 4.043337176363900674e-06 8.433779616225687908e-06
3.133676073400000314e+04 4.119098203201647653e-06 9.570540266474949427e-06
3.141944348000000173e+04 -2.117234043845561825e-06 7.472797321396273957e-06
3.150212622600000395e+04 -5.361309271414736221e-06 1.039353085976829437e-05
3.158480897200000254e+04 -5.099301203077521359e-07 7.521465028851101764e-06
3.166749171800000477e+04 5.431158855657976165e-06 9.614916838619098430e-06
3.175017446400000335e+04 3.549020405216516906e-06 8.824645551928662286e-06
3.183285721000000194e+04 -3.569839311967268094e-06 8.047644719880797318e-06
3.191553995600000417e+04 -5.391927967460527061e-06 1.006365910760685156e-05
3.199822270200000276e+04 8.836432071147051256e-07 7.155522235690198670e-06
3.208090544800000498e+04 5.917397284419868490e-06 9.989177939730225117e-06
3.216358819400000357e+04 2.081481806134065583e-06 7.327445687072732770e-06
3.224627094000000216e+04 -4.971713766856188888e-06 9.280322244393415161e-06
3.232895368600000438e+04 -4.626633622447236871e-06 9.048999730056162273e-06
3.241163643200000297e+04 2.711647724991943676e-06 7.805515046998079892e-06
3.249431917800000519e+04 6.103634576924209036e-06 9.753296305580651999e-06
3.257700192400000378e+04 4.665169436366239804e-07 6.473975065926996932e-06
3.265968467000000237e+04 -5.766973157199904799e-06 9.970913317141404138e-06
3.274236741600000460e+04 -3.343505228190200991e-06 7.448827224641174526e-06
3.282505016200000682e+04 3.908655732083415260e-06 8.860479912801777770e-06
3.290773290800000541e+04 5.004291662434733016e-06 8.762949736039443350e-06
3.299041565400000400e+04 -1.586916411055913203e-06 7.267870567558953623e-06
3.307309840000000258e+04 -5.823151718957035402e-06 9.651625338203353405e-06
3.315578114600000117e+04 -1.383270681416467472e-06 6.425380498558223208e-06
3.323846389200000704e+04 4.937821247525026666e-06 9.716202239266940322e-06
3.332114663800000562e+04 3.681140940831106678e-06 7.327375772041508982e-06
3.340382938400000421e+04 -3.079210897290326605e-06 8.616233849251706906e-06
3.348651213000000280e+04 -5.128584483716141845e-06 8.697598350796063274e-06
3.356919487600000139e+04 4.409629139902799082e-07 6.878304459684301022e-06
3.365187762199999997e+04 5.134409218099728499e-06 9.863704490084456897e-06
3.373456036800000584e+04 2.037495297798771723e-06 6.374018984404263968e-06
3.381724311400000443e+04 -3.996634846664091166e-06 9.583368890859639367e-06
3.389992586000000301e+04 -3.966429293381466481e-06 7.330906538630517964e-06
3.398260860600000160e+04 1.837589878421665826e-06 7.965226652303566550e-06
3.406529135200000019e+04 4.667042703344754227e-06 9.135010274682387100e-06
3.414797409800000605e+04 5.829651475480254033e-07 6.504327015953698094e-06
3.423065684400000464e+04 -3.986128133355851383e-06 9.729386757340413754e-06
3.431333959000000323e+04 -2.252716695784309463e-06 6.277741593112389042e-06
3.439602233600000181e+04 2.870039146745432578e-06 9.070785923600893972e-06
3.447870508200000040e+04 3.573468700369922295e-06 7.347573908678159536e-06
3.456138782800000627e+04 -9.651945984430761376e-07 7.553292080225366061e-06
3.464407057400000485e+04 -3.703226699784500255e-06 9.159022060876413849e-06
3.472675332000000344e+04 -6.539991600059560479e-07 5.640996910502249757e-06
3.480943606600000203e+04 3.292865384774248738e-06 8.929191738403605572e-06
3.489211881200000062e+04 2.154613380237926394e-06 5.571620617977704594e-06
3.497480155800000648e+04 -2.060203086011467300e-06 8.247011947542507891e-06
3.505748430400000507e+04 -2.764452860642552901e-06 6.899058465304424636e-06
3.514016705000000366e+04 9.874711232005281000e-07 6.663964463938799234e-06
3.522284979600000224e+04 3.213257158598609224e-06 8.062125286253256812e-06
3.530553254200000083e+04 3.589221871136648661e-07 4.586795278265498124e-06
3.538821528800000669e+04 -3.224409026147809280e-06 8.326280874253041018e-06
3.547089803400000528e+04 -2.067659103332197960e-06 4.735408383135659136e-06
3.555358078000000387e+04 1.947503619998618480e-06 7.459494201967585152e-06
3.563626352600000246e+04 2.488351215058264357e-06 6.169559359655472041e-06
3.571894627200000104e+04 -1.392631878455834414e-06 5.764815384162220532e-06
3.580162901800000691e+04 -3.680192744503378422e-06 7.567668102350581959e-06
3.588431176400000550e+04 -6.727169183608127371e-07 4.077375038810833723e-06
3.596699451000000408e+04 3.192854297402206901e-06 8.227532811940122836e-06
3.604967725600000267e+04 2.032258067156287363e-06 4.511892984285795602e-06
3.613236000200000126e+04 -2.435703945318248539e-06 7.081612786268842007e-06
3.621504274800000712e+04 -3.380250213413965524e-06 6.407078005609179080e-06
3.629772549400000571e+04 7.200544594081051005e-07 5.379547335404034067e-06
3.638040824000000430e+04 3.655784273540584711e-06 7.980115230981764152e-06
3.646309098600000289e+04 8.861182221390939326e-07 4.110069553405940358e-06
3.654577373200000147e+04 -3.456785346065740005e-06 8.280111133145846554e-06
3.662845647800000734e+04 -2.691248903809549839e-06 5.830374108336470075e-06
3.671113922400000592e+04 2.231552739908148205e-06 6.896795037206116441e-06
3.679382197000000451e+04 3.999188048528316074e-06 7.560502654330702378e-06
3.687650471600000310e+04 -7.300180140799392014e-08 5.268221146403932293e-06
3.695918746200000169e+04 -3.902177308107888222e-06 8.633413356980136510e-06
3.704187020800000755e+04 -1.703419493760148281e-06 5.700804378026591024e-06
3.712455295400000614e+04 3.284642597555483896e-06 7.960351076551614146e-06
3.720723570000000473e+04 3.578368510965770689e-06 7.420171619834090476e-06
3.728991844600000331e+04 -1.370236920918752832e-06 6.423531666596105243e-06
3.737260119200000190e+04 -4.259172294916044426e-06 8.820637285810240723e-06
3.745528393800000049e+04 -7.196448644297462613e-07 5.885697837580210711e-06
3.753796668400000635e+04 4.143740076710198087e-06 8.715553398043854891e-06
3.762064943000000494e+04 3.185075892092926301e-06 7.530000564667900557e-06
3.770333217600000353e+04 -2.287336601804788659e-06 6.976973117859168458e-06
3.778601492200000212e+04 -4.329777302438295998e-06 8.897865565484273611e-06
3.786869766800000070e+04 7.040606346305576531e-08 6.250028286065477121e-06
3.795138041400000657e+04 4.532118339127330139e-06 9.215994161931293071e-06
3.803406316000000515e+04 2.494111947391833848e-06 7.349670386123500850e-06
3.811674590600000374e+04 -3.203715896453712337e-06 8.176989036207829120e-06
3.819942865200000233e+04 -4.310826943875538455e-06 9.299347154858703162e-06
3.828211139800000092e+04 8.337413928483969551e-07 6.436535674740140500e-06
3.836479414400000678e+04 4.777041073453408671e-06 9.777138889961809186e-06
3.844747689000000537e+04 1.736352605895791056e-06 7.122172656697223407e-06
3.853015963600000396e+04 -3.942020316526709775e-06 9.287935513929533124e-06
3.861284238200000254e+04 -4.013684245254842275e-06 9.108273909738111933e-06
3.869552512800000113e+04 1.647840820988849530e-06 7.188651033508319746e-06
3.877820787400000700e+04 4.797729876040991513e-06 1.044137742890070642e-05
3.886089062000000558e+04 8.416816862713020904e-07 6.919697407164081737e-06
3.894357336600000417e+04 -4.409802897041363512e-06 1.047426768468836325e-05
3.902625611200000276e+04 -3.244921915366260891e-06 8.638624152335082124e-06
3.910893885800000135e+04 2.623616431264620035e-06 8.842780538438581572e-06
3.919162160400000721e+04 4.633363067933681388e-06 1.068108997634095295e-05
3.927430435000000580e+04 -4.452184914912823332e-09 6.476935330618608306e-06
3.935698709600000439e+04 -4.326624844186289778e-06 1.171421591421151125e-05
3.943966984200000297e+04 -1.971573257767722898e-06 7.389295014897636011e-06
3.952235258800000156e+04 3.499264118096448853e-06 1.051697462066433229e-05
3.960503533400000742e+04 3.964496203159407155e-06 1.039007154995647117e-05
3.968771808000000601e+04 -1.225615106113125400e-06 7.367631715770064273e-06
3.977040082600000460e+04 -4.397723394998790968e-06 1.249177840965106882e-05
3.985308357200000319e+04 -9.734019873068145796e-07 5.550844018445696538e-06
3.993576631800000177e+04 3.853775383687835239e-06 1.249597364739770324e-05
4.001844906400000764e+04 2.966665307683784656e-06 8.529658105059480992e-06
4.010113181000000623e+04 -2.159398360436778899e-06 9.380076356435022972e-06
4.018381455600000481e+04 -3.902521015797748345e-06 1.232132357456214978e-05
4.026649730200000340e+04 1.156560359465489636e-07 5.100534176308652884e-06
4.034918004800000199e+04 3.708993869634276138e-06 1.413984244905312406e-05
4.043186279400000785e+04 1.506843203487366489e-06 5.643761553069105867e-06
4.051454554000000644e+04 -3.104927853753622410e-06 1.207052135535391107e-05
4.059722828600000503e+04 -3.206120111640738388e-06 1.063339731375126021e-05
4.067991103200000362e+04 1.302364177958682036e-06 7.309700717260251331e-06
4.076259377800000220e+04 3.660484681927942122e-06 1.419853020570307956e-05
4.084527652400000079e+04 4.298925772512513839e-07 2.111318551572396140e-06
4.092795927000000665e+04 -3.412057811992614057e-06 1.434586861046636914e-05
4.101064201600000524e+04 -2.036323240853635900e-06 7.721248427580367800e-06
4.109332476200000383e+04 2.474744192766968008e-06 1.054374552204059163e-05
4.117600750800000242e+04 3.312709241513110558e-06 1.305311798571751307e-05
4.125869025400000100e+04 -7.435405241368119091e-07 3.863731712051814493e-06
4.134137300000000687e+04 -3.492156339308454577e-06 1.500551331291968948e-05
