50.000000000  0.000263355  0.000000000
53.300000000  0.000261823  0.000000000
56.800000000  0.000256573  0.000000000
60.400000000  0.000250451  0.000000000
64.300000000  0.000242032  0.000000000
68.300000000  0.000124248  0.000000000
72.500000000  0.000016635  0.000000000
76.800000000  0.000008396  0.000000000
81.300000000  0.000034675  0.000000000
86.100000000  0.000002156  0.000000000
91.100000000  0.000005375  0.000000000
96.500000000  0.000000792  0.000000000
102.000000000  0.000000835  0.000000000
107.800000000  0.000000016  0.000000000
113.800000000  0.000000014  0.000000000
120.100000000  0.000000285  0.000000000
126.800000000  0.000000078  0.000000000
133.700000000  0.000000015  0.000000000
140.900000000  0.000000031  0.000000000
148.500000000  0.000000009  0.000000000
156.500000000  0.000000012  0.000000000
164.700000000  0.000000250  0.000000000
173.400000000  0.000000059  0.000000000
182.500000000  0.000000117  0.000000000
192.100000000  0.000000101  0.000000000
200.000000000  0.000000325  0.000000000
