-3.98335
-2.78421
-2.64549
-2.45953
-2.79944
-4.12404
-4.55158
-5.33753
-6.28602
-7.02461
-7.38079
-9.13217
-9.29271
-10.1721
-9.75385
-10.2273
-10.2517
-9.838
-9.78429
-8.96917
-8.2124
-7.71103
-6.81355
-5.42328
-4.61279
-3.52713
-3.83253
-3.42204
-2.53788
-1.73825
-0.564008
0.172739
0.487989
0.619064
0.26766
-0.061992
-0.384197
-1.89548
-3.71527
-5.71133
-6.69055
-7.27746
-8.54125
-9.68009
-9.05677
-8.77761
-8.02918
-8.28448
-8.64231
-7.74812
-6.95818
-6.55875
-5.58194
-5.89042
-4.48733
-3.74732
-2.39426
-1.79203
-0.181688
-0.093503
-0.540777
-0.970235
-1.06825
-0.543922
-0.58169
-0.246478
-0.895319
-1.10434
-0.924124
-1.30725
-2.11926
-2.84203
-3.57129
-4.72228
-5.79702
-5.84117
-5.39631
-5.20406
-5.75857
-5.67712
-5.58384
-6.06381
-4.97326
-4.39409
-4.25518
-3.72261
-3.71386
-3.27411
-1.55998
-0.154316
0.338329
0.710338
1.54795
2.9389
2.60069
2.91464
3.5013
3.44778
2.63282
1.79251
1.19562
1.95429
3.58287
5.27243
6.39413
7.5999
7.33381
8.14015
7.99297
7.48247
6.93443
6.2985
4.92375
5.09567
5.91416
6.14185
6.62833
6.50005
6.71921
6.7226
6.85355
7.03264
6.95049
7.2485
7.51412
7.28979
6.01776
4.34344
2.9934
1.94901
0.698913
0.650654
0.529804
0.470213
0.304309
0.192166
-1.25993
-3.2931
-4.72576
-4.73
-4.72534
-6.25757
-6.26527
-6.03863
-6.31409
-5.78504
-5.42995
-4.9852
-5.21597
-5.08796
-6.0885
-6.32676
-6.55223
-5.79776
-4.88664
-4.79386
-4.44359
-5.04174
-4.11838
-4.33334
-3.51093
-2.51334
-1.76751
-0.976505
-0.765261
-0.955111
-2.00895
-3.64606
-4.67346
-5.19059
-5.94366
-8.31246
-8.95594
-9.06799
-8.82263
-7.38893
-5.73865
-4.80565
-4.12167
-3.3646
-2.46323
-1.56715
-1.1785
-1.58551
-0.88615
-0.742535
-0.902148
-0.306461
0.301782
0.785573
0.375305
-1.41015
-1.25912
-1.09716
-1.07689
-0.722027
-0.641438
-1.7709
-1.73943
-2.80616
-2.6769
-2.35705
-1.87883
-2.32645
-3.40804
-3.13505
-2.55632
-2.22138
-2.2789
-2.58557
-2.62561
-3.23841
-2.89232
-3.05444
-3.21624
-3.02
-2.94843
-3.24385
-2.67201
-2.535
-3.09265
-3.12563
-3.27532
-1.68471
-0.43207
0.485613
1.17956
0.33633
-1.17874
-0.706029
0.291367
0.819285
0.09123
-1.10186
-1.89578
-2.29516
-4.83599
-6.34277
-7.97097
-9.78802
-10.8958
-12.0966
-12.4667
-12.9265
-13.1603
-12.293
-12.0213
-11.4122
-11.1778
-10.274
-9.64721
-8.95885
-8.11056
-7.9219
-7.92471
-7.89694
-8.84534
-9.26545
-9.27211
-8.67389
-7.76982
-7.33834
-6.39508
-6.49772
-6.07756
-5.64844
-5.886
-5.80077
-5.00469
-4.35832
-3.39423
-3.29742
-2.8803
-2.34771
-1.60252
-1.7404
-2.70659
-2.86742
-3.38558
-3.40221
-3.2445
-2.55622
-2.26855
-2.53461
-3.68871
-3.71478
-5.24671
-6.95381
-8.39618
-9.30465
-10.3263
-10.2482
-10.1648
-8.82512
-7.17349
-7.06269
-8.68023
-9.80653
-10.831
-11.9478
-13.0714
-13.9386
-14.3717
-14.3446
-13.4321
-13.4511
-14.1663
-13.814
-13.552
-13.8715
-13.5356
-14.2066
-13.3534
-14.9069
-16.4052
-15.676
-15.4884
-15.2957
-15.5445
-15.0373
-13.2585
-11.8698
-10.8476
-8.8651
-7.76883
-6.7998
-6.54678
-4.80026
-4.80497
-5.57415
-6.19123
-7.20573
-7.44323
-6.71017
-6.16648
-5.35514
-5.63022
-5.79382
-6.65116
-7.92803
-8.4061
-8.28195
-7.37954
-8.00894
-7.73604
-7.84788
-7.61083
-6.7171
-6.73627
-6.36999
-6.17715
-6.38465
-6.10791
-5.78831
-5.33504
-5.46119
-5.59929
-7.03854
-6.50468
-6.53598
-6.63384
-6.72451
-5.71853
-5.29914
-5.89895
-5.9795
-5.86102
-5.86554
-5.05717
-5.1684
-6.85031
-7.66546
-8.43369
-9.24077
-9.66244
-10.2623
-10.7942
-9.7892
-9.43696
-9.65925
-9.7979
-9.3915
-8.76175
-8.10148
-9.05885
-10.6543
-10.6706
-9.92405
-9.09677
-7.62752
-6.465
-5.85846
-5.10653
-4.69616
-4.3441
-4.3055
-3.86903
-3.89747
-3.24594
-3.41811
-4.4083
-4.85125
-5.2868
-5.14509
-4.72272
-4.9528
-7.0598
-8.67609
-10.7159
-11.4089
-11.2173
-10.7538
-9.64787
-8.45758
-6.73718
-5.80499
-5.11213
-4.73728
-5.07008
-5.57077
-6.20769
-5.43276
-6.30154
-6.54587
-7.4762
-8.30406
-8.10228
-7.65153
-7.84733
-6.89901
-5.97548
-5.40462
-5.25724
-5.50031
-4.70115
-2.63685
-0.908482
0.440582
1.23327
2.27771
2.77018
2.75325
2.72705
2.66242
2.51773
1.7545
1.38612
0.244177
-0.983031
-1.91565
-2.08565
-1.77258
-1.47772
-0.100832
0.320285
1.14924
2.33631
2.89946
1.89113
2.00968
2.80535
3.05091
2.69186
1.21016
0.082835
-0.486751
-0.585161
-0.15155
0.001015
0.843377
0.944817
0.782526
0.376189
-0.609473
-0.576919
-1.08555
-1.55654
-1.89887
-1.49149
-0.804784
-0.517261
1.74657
3.92802
5.41187
6.68422
6.21438
5.74039
5.29191
4.78093
4.89893
4.22659
4.04906
4.5759
4.22299
4.5223
3.82568
2.46538
0.975239
-0.556177
-1.16545
-1.92659
-2.45639
-2.06182
-1.70384
-0.207644
0.843025
0.564315
0.542375
0.186982
-0.004047
-0.205916
-1.05643
-1.56626
-2.12515
-2.75152
-3.34626
-1.96483
0.18715
1.43583
3.13109
3.42449
3.10403
3.61266
3.49067
2.7886
1.02483
-0.50198
-1.93618
-3.31035
-4.17581
-5.36763
-5.48982
-5.35701
-5.7549
-6.98639
-7.71505
-8.56071
-9.27828
-10.1471
-9.77035
-9.54621
-9.20499
-8.61276
-8.94365
-8.99116
-8.72529
-9.40641
-8.38216
-6.96223
-5.83186
-5.13876
-4.99621
-5.56401
-6.04911
-6.50491
-7.0324
-7.32065
-6.41383
-5.31111
-5.16083
-4.41051
-3.78581
-3.8413
-3.95446
-3.59935
-3.19305
-2.48143
-1.99566
-1.67293
-1.88734
-2.41955
-2.02364
-1.58623
-0.965313
0.319553
0.396055
0.932754
1.29002
1.5875
0.93072
1.26372
1.21389
2.13826
3.08048
3.75835
3.57385
3.1623
4.24526
4.76438
4.35005
3.72656
3.38265
2.67656
2.72816
2.31933
3.02111
1.91266
1.48333
1.24777
1.54119
2.06977
2.18084
2.02536
1.8032
1.5546
1.09861
0.747805
0.302776
-0.993179
-1.88216
-2.18506
-2.66192
-1.72837
-1.04812
-0.268382
0.420263
0.284475
-0.2674
-0.767997
-0.882324
-0.332725
-0.26573
0.066374
-0.597487
-1.33813
-2.58729
-3.03718
-4.18066
-4.89618
-4.7741
-5.32627
-5.35961
-3.94053
-3.21004
-1.42359
-0.562872
-0.463805
-0.03412
-0.283784
-0.609001
-0.944127
-1.3294
-1.31175
-0.62704
0.466033
1.06179
1.34529
1.38217
1.59866
1.23933
0.578471
-0.136882
-1.23684
-1.54748
-1.52058
-2.55474
-3.85218
-4.76917
-6.84659
-7.92943
-9.43948
-10.9917
-11.4889
-11.5826
-11.7843
-11.7049
-11.278
-9.06149
-7.31774
-6.30993
-5.74631
-4.7397
-4.3861
-2.65373
-1.05027
0.168602
1.64872
3.82321
4.65502
5.03296
4.90449
3.89809
3.61495
2.76605
1.86975
1.47605
0.537286
0.857238
1.34335
1.25519
0.312613
-0.987964
-2.0592
-2.66503
-2.88994
-2.64488
-2.26725
-2.48003
-3.15833
-4.1999
-4.84476
-4.23944
-3.79071
-3.41081
-3.7984
-4.64696
-4.96684
-4.77933
-5.06688
-5.2797
-5.46173
-6.21007
-6.80411
-6.65782
-6.14437
-4.84628
-3.93238
-2.72558
-1.95617
-2.4803
-3.44957
-3.99561
-4.16491
-4.30166
-3.50258
-3.40764
-2.98036
-2.22646
-1.90249
-1.8104
-1.82088
-2.06459
-2.28119
-2.20014
-1.94404
-0.805784
-0.456266
-0.011923
-0.207936
0.206746
0.460477
-0.779611
-1.56735
-1.9218
-2.27546
-2.42655
-3.08486
-3.67369
-3.09901
-3.44359
-6.14006
-6.66341
-6.6808
-7.03555
-6.91
-6.62615
-5.01166
-4.11516
-3.50659
-2.5873
-2.14735
-2.37501
-2.87973
-3.0291
-4.30005
-4.26982
-3.59104
-3.35581
-3.03361
-2.88251
-2.31683
-2.03279
-1.21015
-0.070393
0.307964
0.790847
0.161676
0.518978
0.456288
0.143153
-0.052584
0.110355
0.08471
0.160017
0.156587
1.74871
3.60378
4.28982
3.77534
3.63807
3.21296
3.35383
3.4434
2.70648
2.5233
2.82077
1.54955
0.883224
-0.797906
-3.21946
-5.43111
-6.25659
-6.47614
-6.53131
-7.23246
-7.61968
-6.98812
-6.05417
-6.14466
-6.71806
-6.67351
-7.47577
-7.6445
-8.64952
-7.71483
-8.39081
-10.9574
-12.0222
-12.7973
-13.9406
-13.9796
-14.2123
-13.8706
-13.1776
-12.9966
-12.9636
-13.318
-12.7938
-11.8519
-11.8454
-11.607
-11.7721
-11.6453
-11.5634
-12.1618
-14.3372
-15.1679
-17.5198
-18.5614
-17.5209
-16.9524
-17.7353
-18.4408
-17.8408
-18.5501
-18.4696
-16.335
-13.788
-13.0464
-11.8777
-11.8509
-11.5149
-11.538
-11.159
-10.7366
-11.0287
-9.00815
-7.10086
-7.45872
-7.89707
-7.37443
-7.81937
-7.75487
-7.13138
-6.82908
-7.29266
-7.52142
-8.4088
-9.93703
-10.5573
-9.93559
-8.92136
-9.78878
-10.1964
-9.80287
-10.0974
-9.18371
-9.33298
-9.01157
-9.16854
-8.65662
-7.71532
-6.32874
-6.2982
-6.06139
-6.82728
-6.66367
-6.5196
-6.68143
-7.87617
-7.83906
-7.26146
-6.39877
-5.20182
-3.89442
-2.88278
-2.18273
-2.26649
-3.19853
-3.38064
-2.89582
-3.00754
-2.75349
-4.16061
-4.54568
-5.80843
-6.73461
-6.40739
-5.5343
-3.62007
-2.37791
-1.15137
-1.45924
-1.60521
-2.11365
-1.68198
-1.83538
-1.78279
-2.3981
-2.60593
-3.70181
-4.88701
-5.50348
-5.4271
-6.00636
-5.67076
-6.25386
-7.52596
-8.74289
-9.59328
-9.60201
-9.8972
-9.82118
-8.0161
-6.01817
-3.67316
-1.38875
0.531474
2.00596
3.43986
5.39819
7.24813
7.57328
6.92523
6.2248
5.91671
5.1986
4.38313
3.78858
2.68136
1.35352
0.172227
-1.19174
-2.73318
-3.5591
-3.69003
-3.8251
-4.71882
-5.3003
-5.0446
-4.74937
-5.06834
-5.64182
-6.17457
-6.9501
-8.38021
-10.5876
-12.691
-14.4154
-16.3416
-17.3135
-18.5007
-18.7482
-17.9617
-16.3995
-15.0049
-13.6844
-13.5272
-14.3683
-15.2721
-15.8794
-16.5374
-16.3597
-15.523
-14.8672
-14.7358
-15.5125
-17.0713
-17.1291
-16.4088
-15.3722
-14.7297
-12.9983
-12.2695
-11.6853
-10.9868
-9.46267
-8.70409
-8.93958
-9.05576
-8.50221
-8.3046
-7.0669
-7.00215
-6.6594
-6.74002
-6.93616
-7.73702
-7.85512
-7.05127
-6.50069
-6.44437
-4.78233
-3.7648
-3.9501
-3.30458
-3.94985
-3.61518
-2.64888
-2.36089
-1.93932
-2.43277
-1.73263
-2.23631
-2.79942
-4.15555
-4.5099
-3.49215
-2.85639
-2.3321
-1.27748
-1.88029
-2.57734
-3.91045
-5.56951
-6.15867
-6.90974
-7.50024
-7.61124
-9.27283
-8.69366
-7.89962
-8.41781
-8.19808
-9.96437
-10.6147
-11.2767
-11.7824
-12.0227
-11.7683
-12.4315
-12.5065
-12.4036
-12.7044
-13.2151
-14.0236
-14.505
-14.9549
-14.6805
-14.9306
-15.1737
-14.7401
-13.946
-13.9542
-13.1583
-12.5346
-11.8763
-11.169
-11.1049
-11.3266
-12.1517
-12.6089
-13.3459
-15.261
-16.2342
-16.3678
-16.597
-15.6355
-14.3661
-13.4968
-13.9559
-13.5617
-13.9157
-14.7823
-14.7051
-13.991
-12.9222
-12.7678
-12.6401
-12.2281
-10.6983
-10.0839
-10.4926
-10.4194
-9.59167
-9.16003
-9.38979
-9.85943
-9.88331
-9.71747
-10.6462
-10.8844
-12.109
-12.2036
-11.8469
-11.9717
-12.5711
-12.0928
-10.1531
-7.92272
-5.23146
-5.22705
-4.73008
-3.50647
-3.4357
-3.68332
-5.37152
-4.8516
-4.0609
-4.21098
-4.65412
-6.3136
-6.90418
-7.6012
-7.38307
-7.79387
-7.91801
-8.90538
-9.77198
-9.6585
-10.1988
-10.3612
-10.0494
-9.12607
-8.4606
-8.81556
-8.76519
-9.26161
-9.63096
-9.46724
-9.29613
-8.87224
-8.52157
-7.71861
-6.45832
-5.63988
-5.6687
-4.39765
-3.94814
-3.34661
-3.58938
-3.09143
-3.14463
-3.12933
-1.63991
-1.12137
-1.36571
-2.37127
-2.08597
-0.329389
-1.72367
-2.53101
-2.28243
-2.80975
-1.22015
-0.231364
1.37566
3.43921
4.19276
4.41518
3.68097
3.3704
2.39137
0.819296
-0.741866
-2.10185
-4.13878
-5.36763
-6.33373
-7.16215
-7.47673
-8.24731
-8.86378
-10.5706
-10.9701
-9.91969
-8.93211
-8.17981
-8.5918
-8.84338
-7.99136
-7.21803
-7.53252
-7.62015
-7.15407
-6.73731
-7.58722
-8.47115
-9.23553
-8.82947
-8.30192
-8.81095
-8.29592
-8.02035
-7.03855
-6.43827
-5.15599
-4.86188
-2.99889
-1.62301
-2.05472
-2.37492
-3.16459
-3.54644
-5.23249
-6.24316
-8.23745
-7.72693
-9.24476
-8.77763
-8.21374
-8.32898
-7.69122
-7.48272
-7.48475
-8.67883
-8.65104
-9.47858
-10.3104
-11.3678
-12.7645
-13.0077
-12.1913
-11.6477
-10.0369
-8.61135
-6.75778
-6.36586
-4.78762
-4.56906
-3.83394
-5.98562
-7.46385
-9.38583
-10.6001
-12.2987
-13.6255
-14.8889
-15.6971
-15.7408
-15.7272
-14.8169
-14.1963
-13.7109
-11.8984
-11.5008
-10.7804
-10.8851
-10.669
-11.8802
-12.524
-10.7081
-8.46974
-5.49933
-3.74668
-1.9765
0.07152
0.05976
-0.366322
-1.49061
-1.9407
-1.96322
-2.50607
-3.79692
-3.4665
-3.79538
-3.91144
-2.8263
-4.29143
-5.26616
-6.17769
-5.94547
-5.85464
-4.63546
-3.78333
-4.56124
-5.55321
-5.78288
-6.91583
-7.85759
-7.40588
-7.37509
-7.58703
-7.99478
-8.86608
-8.35391
-7.29131
-5.68653
-5.34446
-4.56248
-4.14498
-2.75494
-0.980308
-0.657369
0.154326
-0.905388
-1.12699
-1.00483
-0.707466
-0.131661
-0.939572
-0.439102
-0.811432
-1.09402
-2.22608
-3.38508
-3.82495
-4.61499
-4.04122
-2.67104
-2.79711
-0.7348
-1.41883
-1.19534
-1.3627
-2.43629
-3.82843
-4.28413
-4.13464
-3.23137
-2.1894
-1.39142
-1.59013
-1.16001
-1.174
-1.49164
-1.44871
-1.67303
-2.12898
-3.37135
-4.44263
-5.82688
-6.13515
-6.98905
-7.3512
-8.90839
-10.0798
-10.8672
-11.5801
-11.8044
-12.1846
-11.8336
-11.425
-10.3641
-9.67658
-8.69468
-6.76217
-5.59514
-5.216
-5.01156
-4.6126
-3.91995
-3.41942
-3.07072
-3.00972
-2.80971
-2.10662
-2.67718
-2.19288
-2.43063
-1.7879
-1.22238
-1.52648
-2.38572
-3.07617
-3.8228
-5.04742
-5.6645
-6.42486
-6.80135
-6.58536
-5.75961
-5.69047
-5.68346
-6.16715
-8.01103
-8.23329
-8.53283
-9.51535
-10.5943
-11.4007
-10.5373
-8.9485
-9.38092
-9.22173
-9.65268
-9.99156
-9.06417
-8.08017
-6.49341
-4.87656
-3.74734
-3.82771
-2.79057
-2.82706
-2.99549
-2.55435
-1.85044
-1.55429
-2.1653
-1.59107
-0.944403
0.22712
0.056598
0.304556
0.734379
0.607541
0.711715
1.26997
1.41555
0.468256
-0.917759
-0.727148
-0.829594
-0.591212
-1.15879
-0.699476
-0.057368
-0.351996
-0.381633
-0.917539
-0.789763
-1.78542
-1.98603
-3.57709
-2.91904
-2.82708
-2.17244
-2.73089
-2.47124
-2.49999
-3.61467
-4.55172
-5.50025
-6.12399
-7.08339
-7.29969
-8.00069
-8.99837
-9.22555
-10.2198
-10.2007
-10.6455
-10.8781
-10.7042
-10.2293
-10.1763
-9.91502
-9.78006
-10.1958
-9.76514
-9.7229
-10.2218
-9.93275
-8.47872
-7.22404
-6.38508
-5.49685
-4.36712
-3.49969
-3.40175
-4.53226
-5.29001
-5.82149
-6.86347
-6.42397
-6.95529
-7.94067
-9.87643
-11.2667
-12.2475
-14.3314
-13.1711
-12.569
-12.1877
-12.1471
-12.4878
-13.5782
-13.855
-13.566
-12.0575
-11.2921
-11.5494
-11.1452
-11.1866
-11.0523
-10.5693
-10.3195
-9.88127
-9.02348
-8.91711
-8.95565
-9.66914
-10.6057
-12.268
-13.217
-12.6504
-11.9022
-11.7549
-11.4306
-11.3174
-11.7009
-12.1568
-12.1371
-11.8504
-11.9926
-12.4489
-13.0493
-12.7623
-12.6283
-12.6828
-11.662
-9.80059
-8.98601
-8.66
-8.61016
-8.04479
-7.675
-7.4175
-5.60114
-3.4808
-2.55015
-2.90352
-1.53949
0.384603
1.18936
1.48353
1.73262
2.45408
2.66083
2.12607
2.35184
2.28187
2.5297
2.52553
1.95918
1.37446
1.46098
0.496536
0.553039
-0.115691
-0.680759
-0.41997
-0.372682
-0.187667
0.037871
0.3184
-0.852385
-2.27658
-3.27237
-2.73179
-1.39478
-0.132794
0.61698
0.597688
1.57211
2.84438
3.86071
3.90744
4.25854
3.9736
4.00978
2.93592
2.38978
2.95555
2.53107
2.38837
1.65481
1.72253
1.22481
0.728664
0.523391
-0.657736
-1.81885
-3.42121
-4.70754
-4.99275
-5.13454
-4.52426
-3.43113
-4.10612
-4.44331
-5.41767
-6.39239
-7.30587
-7.94296
-7.69191
-7.83404
-7.69803
-6.85734
-7.69372
-7.55654
-7.99973
-8.76936
-8.6705
-9.73669
-9.88384
-10.472
-10.7877
-11.6535
-12.1738
-12.3966
-13.8649
-14.5225
-15.1929
-14.8765
-13.0231
-11.4299
-10.4927
-9.12463
-8.95064
-8.22677
-8.09503
-7.21502
-7.89182
-9.0115
-7.9865
-7.81294
-7.08356
-7.28818
-6.89562
-6.93303
-6.85423
-6.21309
-5.91791
-5.39787
-4.69896
-4.75399
-5.49633
-5.93116
-6.11379
-6.12809
-6.13988
-5.68946
-6.89326
-8.73316
-9.25773
-10.0724
-9.86561
-9.43807
-9.63193
-10.49
-12.1456
-12.0312
-11.71
-11.7864
-11.5213
-11.1608
-10.9483
-10.0904
-8.97056
-7.64155
-6.55565
-4.64609
-4.05626
-3.86901
-3.94786
-4.06402
-4.00827
-4.08657
-4.66091
-5.38761
-5.76633
-6.41613
-7.08985
-8.07732
-8.69616
-7.87643
-7.15173
-5.97327
-4.91651
-4.60084
-5.03844
-5.97634
-4.51927
-4.39053
-3.56216
-2.85494
-2.64465
-1.91207
-1.67405
-2.22917
-1.82004
-2.0686
-2.20921
-3.06625
-2.79841
-1.59722
-1.26497
-2.00417
-3.0435
-2.83688
-2.40064
-2.85086
-3.52856
-5.29537
-6.16583
-6.62593
-7.45554
-6.99515
-7.35096
-7.8588
-8.47072
-9.07054
-8.75955
-7.48504
-7.23594
-7.59317
-7.2982
-6.90176
-7.92906
-7.31161
-6.47469
-6.85415
-6.6955
-7.34765
-7.12607
-6.91553
-5.17188
-4.04337
-3.36741
-3.9506
-2.90787
-2.43696
-1.80189
-0.915141
-1.08092
-2.27514
-3.21971
-3.45576
-3.46741
-4.39217
-4.83214
-5.91032
-6.78222
-7.40792
-7.0608
-6.48523
-7.62502
-6.24923
-5.8369
-5.66209
-6.4599
-7.22691
-7.88924
-8.6941
-8.51635
-8.12771
-7.62761
-9.00723
-9.71756
-9.58053
-9.61973
-10.1315
-10.079
-8.87831
-8.48127
-7.81431
-7.10865
-7.3434
-7.16809
-7.82816
-7.25561
-6.57991
-5.75425
-5.70475
-6.58859
-7.2093
-8.41852
-10.0184
-11.3547
-12.9081
-13.4917
-13.7916
-14.8376
-15.432
-14.7868
-14.1467
-14.5904
-13.9681
-13.1801
-13.2999
-12.0325
-10.4028
-9.03171
-8.74537
-7.97827
-6.35381
-5.31992
-4.23024
-3.64598
-2.76725
-1.64808
-0.619429
-0.383734
-0.211565
-0.112982
-0.895694
-1.41835
-1.77462
-1.82069
-1.98247
-2.6322
-3.38179
-3.76379
-4.96939
-5.68942
-6.83997
-7.50138
-7.99737
-9.21235
-9.56246
-10.6125
-11.2181
-12.5802
-13.5396
-14.8204
-15.4423
-15.4366
-15.1605
-14.6337
-13.2803
-12.5758
-11.7982
-12.4724
-12.7435
-13.202
-14.1609
-14.7724
-15.846
-16.2332
-16.6151
-16.0333
-15.4014
-14.8346
-13.6463
-12.5535
-12.3188
-11.984
-11.7053
-10.5534
-11.2102
-10.4322
-10.1455
-8.81216
-7.64527
-6.45815
-5.77878
-4.72148
-4.40389
-3.90438
-3.115
-1.99694
-1.61795
-1.43219
-1.61686
-1.79222
-1.90796
-1.51132
-1.16615
-0.924609
-2.15321
-3.66155
-3.58508
-3.64701
-3.85859
-3.6359
-3.11348
-3.92548
-4.26679
-2.99897
-2.54469
-1.99102
-2.40773
-3.64383
-4.80972
-6.70736
-7.99918
-9.26826
-8.85766
-8.98064
-9.29637
-9.02394
-8.86629
-9.94926
-8.10627
-5.84036
-6.08765
-6.93898
-7.36052
-7.33269
-6.9906
-5.44705
-3.93663
-2.38029
-0.311587
0.354474
0.653828
0.151386
-0.507143
-0.781389
-2.08362
-3.67138
-6.65101
-7.90352
-7.4739
-7.88595
-8.92463
-10.056
-10.8317
-11.0772
-9.39215
-9.41543
-8.6607
-7.82513
-6.45571
-5.61049
-5.75404
-4.81155
-4.34437
-3.82497
-3.45397
-3.6888
-2.18083
-1.85494
-0.856113
0.581212
1.76785
2.55679
2.69842
3.1584
3.41444
4.2949
5.22846
5.68636
6.01883
6.35859
6.61053
6.86966
7.61488
7.78211
7.72039
6.36735
4.8192
3.23211
2.49255
1.89222
1.60717
0.348582
-0.24732
-0.810068
-1.21917
-1.86088
-2.14664
-2.57062
-3.00547
-4.2939
-4.61675
-4.74994
-4.40788
-3.50741
-3.04693
-3.37322
-3.11705
-3.65774
-4.14491
-3.92856
-3.01052
-1.27525
-0.831353
-1.63309
-2.16554
-2.51036
-2.9384
-3.66144
-3.21376
-3.69209
-4.52559
-5.04278
-6.12113
-6.44417
-6.32561
-5.10901
-4.50628
-4.76458
-5.57809
-6.11718
-6.29759
-6.24452
-5.23187
-4.8892
-4.64172
-4.98215
-5.8016
-6.04678
-5.1974
-4.38048
-3.35073
-2.2587
-2.16546
-3.30966
-3.73494
-3.60622
-2.99207
-2.83748
-1.71158
-1.07362
-0.542659
-0.071308
0.403748
-0.528461
-1.98522
-2.76355
-3.94986
-4.92058
-4.94827
-6.11501
-7.6661
-8.06172
-8.68246
-8.25883
-8.23395
-7.66435
-6.90506
-5.4858
-4.70661
-4.17039
-3.80312
-4.23413
-4.85026
-5.79744
-7.18261
-7.83196
-7.76094
-6.98601
-6.49156
-6.32247
-6.1649
-6.30568
-7.02522
-6.34383
-5.31502
-3.72509
-2.60482
-1.10687
-1.06233
-0.939794
-1.30557
-1.49965
-1.27163
-1.18809
-1.32741
-1.44376
-2.23308
-2.38345
-3.58657
-4.49419
-4.32273
-4.46491
-4.39216
-5.28805
-7.80921
-10.6266
-13.0034
-15.3477
-16.1174
-15.0819
-12.7396
-10.8639
-9.44388
-9.52356
-8.92441
-8.992
-9.48951
-10.2461
-11.7701
-12.9883
-12.0154
-10.4775
-10.0829
-9.73576
-9.40608
-9.22665
-9.36096
-9.55923
-9.84798
-10.8265
-11.2575
-11.1508
-11.3382
-11.255
-11.1009
-11.0524
-10.5015
-10.5011
-11.4289
-12.9453
-13.7429
-13.6492
-13.6075
-13.8532
-15.1886
-15.3131
-16.1297
-16.6255
-15.8863
-15.3973
-15.3708
-15.7815
-15.6883
-15.601
-16.1285
-16.7712
-16.5879
-16.3507
-16.0789
-16.8114
-16.8472
-15.9391
-15.1065
-14.1529
-13.5331
-13.7038
-12.7862
-12.4564
-12.8156
-13.7693
-13.7778
-14.3863
-13.846
-14.0386
-13.665
-13.4113
-12.9197
-12.1159
-10.5224
-10.2271
-9.8045
-9.27082
-9.81984
-11.3787
-12.7488
-12.9809
-12.7792
-13.5773
-14.0956
-13.7176
-13.6937
-13.8793
-12.6574
-11.9193
-11.8724
-12.7116
-12.8185
-12.6966
-13.0308
-13.6615
-15.1539
-15.7325
-17.348
-18.5967
-20.3189
-20.931
-21.3214
-20.9591
-21.4673
-21.2955
-20.8747
-20.0151
-18.556
-16.4003
-16.5885
-16.7378
-16.7242
-16.748
-16.8887
-17.2981
-17.4577
-17.3996
-16.8246
-15.6837
-15.3865
-15.2701
-15.2991
-15.4049
-14.9036
-14.4584
-13.907
-13.8568
-13.0819
-13.569
-13.7473
-14.992
-15.8349
-15.8608
-15.874
-15.2525
-15.5406
-15.5335
-14.6645
-14.6464
-15.667
-16.552
-16.5321
-17.3543
-17.5362
-17.9345
-17.3736
-17.2796
-17.5498
-16.7043
-15.257
-14.7657
-14.1175
-14.8525
-15.7185
-16.1988
-16.808
-17.1427
-16.7244
-17.5992
-18.41
-18.7511
-18.7634
-18.8853
-18.4011
-18.8605
-19.1182
-18.4266
-18.4222
-18.2692
-16.8561
-14.5304
-13.6375
-13.2805
-12.7088
-12.2504
-12.4634
-13.0486
-13.0219
-12.9814
-13.8774
-14.149
-14.5527
-15.1661
-16.2305
-17.4011
-19.9367
-21.226
-22.753
-24.8467
-25.3578
-25.3993
-24.9217
-23.948
-22.9463
-22.4017
-21.4979
-19.9923
-18.0274
-16.7556
-16.2858
-16.1462
-16.5724
-16.3476
-15.3531
-14.1591
-12.761
-12.0179
-11.8456
-11.1333
-10.9102
-11.7662
-12.644
-12.9079
-13.0346
-12.7816
-12.6593
-12.5274
-13.3345
-14.3442
-14.8007
-15.1139
-15.3872
-15.2829
-15.1111
-14.3069
-13.9881
-15.2451
-16.1049
-18.3939
-19.1693
-18.6719
-19.4422
-20.0987
-20.6071
-20.8186
-21.348
-21.7747
-22.6
-23.0271
-22.5255
-22.1508
-21.8848
-20.7857
-19.4773
-18.8687
-18.9729
-20.8345
-21.4793
-21.8878
-21.7078
-23.0773
-23.3366
-24.0766
-23.4646
-21.45
-20.1097
-19.492
-19.0439
-19.4082
-18.6595
-18.2957
-18.1463
-18.0614
-18.7997
-17.156
-16.7731
-16.293
-16.312
-15.4615
-14.6077
-15.6439
-15.1243
-17.0485
-17.3075
-16.7686
-16.9927
-17.6157
-16.2117
-16.0513
-15.3091
-15.2555
-15.6118
-15.3656
-14.4543
-13.873
-14.3967
-13.9326
-13.5956
-13.1903
-13.7402
-14.0063
-14.2328
-13.8616
-14.5011
-14.4543
-15.2438
-16.6656
-18.1629
-19.1926
-19.183
-18.5226
-16.6131
-15.7588
-14.5756
-13.8404
-13.2978
-12.1608
-12.0793
-12.0561
-11.4767
-10.8327
-10.0907
-8.29685
-7.23231
-6.45278
-6.10196
-6.09966
-7.21112
-8.06948
-8.5949
-9.31859
-10.2947
-10.3845
-9.41281
-9.22984
-9.86239
-10.5513
-11.4521
-11.9467
-11.2993
-11.0578
-11.4494
-10.916
-12.0207
-12.9309
-13.7034
-13.6924
-13.5654
-12.2332
-12.8205
-12.9782
-13.7644
-14.8239
-15.3912
-15.6596
-16.1536
-16.591
-15.7822
-16.5562
-17.7931
-18.3491
-18.3432
-18.7015
-18.9998
-18.6261
-17.9036
-17.8268
-15.3424
-14.8313
-14.8256
-15.2442
-14.5545
-13.2955
-11.4105
-10.8493
-11.1331
-11.5593
-10.8818
-10.8986
-9.82984
-9.5619
-9.82948
-10.3688
-11.1797
-11.6892
-12.8361
-14.1921
-14.3639
-13.7944
-12.8155
-11.7702
-9.55439
-7.29334
-6.9237
-6.8536
-6.67232
-6.60061
-6.80985
-6.96576
-7.52323
-8.56458
-9.02549
-9.61927
-9.83152
-10.7764
-11.7621
-12.314
-11.7046
-11.029
-11.4655
-11.929
-12.2029
-12.684
-13.294
-12.9737
-14.4182
-14.91
-14.0695
-14.0765
-14.2428
-14.0814
-13.4316
-12.0113
-12.2308
-10.5833
-8.94687
-8.89261
-8.6282
-8.87048
-9.30245
-9.54645
-9.45362
-8.98762
-8.33982
-8.51775
-8.23239
-7.31862
-7.58632
-7.45882
-7.00731
-7.52133
-7.29946
-7.25161
-6.71604
-6.91284
-5.9124
-4.82257
-4.54838
-6.04328
-6.66426
-7.57152
-9.51615
-10.7426
-10.9794
-11.1137
-10.2529
-11.4659
-12.4294
-15.0915
-16.2581
-17.7184
-17.2884
-16.9604
-15.9304
-15.4995
-15.4645
-15.8187
-16.1724
-15.8039
-15.5623
-14.2071
-12.3313
-9.91678
-8.71217
-6.98711
-6.24678
-6.13417
-6.88726
-7.60136
-7.98167
-8.44194
-8.34349
-7.89795
-7.83262
-8.01208
-8.16079
-7.56869
-7.82301
-7.95919
-7.67325
-7.63108
-6.88097
-6.97252
-7.3847
-7.20095
-7.75869
-7.33232
-6.59741
-6.00086
-5.4764
-4.53794
-4.78129
-3.91534
-2.74197
-3.14557
-3.0863
-3.15454
-3.79105
-4.3693
-4.55682
-6.00733
-7.70058
-8.43205
-8.55871
-9.11608
-9.77383
-10.1474
-9.71067
-10.1
-11.4313
-11.755
-13.0837
-13.8713
-13.3755
-12.9629
-13.0741
-13.3331
-13.4439
-13.7303
-13.0034
-12.3196
-12.8294
-14.2485
-15.4876
-15.8252
-16.8472
-17.1782
-16.9649
-17.0866
-16.7695
-16.6047
-16.911
-16.2791
-15.7605
-15.5389
-15.9082
-16.2634
-16.0161
-14.6607
-12.7047
-11.7442
-11.0904
-9.29435
-9.19872
-8.22048
-9.57952
-10.934
-11.4666
-12.3974
-12.2202
-12.7546
-13.771
-13.158
-13.6418
-13.8673
-14.2238
-14.2689
-15.3151
-16.9116
-18.9913
-20.4876
-20.454
-20.4602
-20.6157
-20.3567
-20.4223
-19.8606
-19.1941
-17.968
-16.1801
-15.4983
-14.3749
-13.9838
-12.5204
-14.2552
-14.2494
-14.5644
-13.566
-13.2677
-12.8685
-11.9838
-10.1264
-9.37168
-9.4353
-9.74718
-11.2163
-12.0746
-12.1586
-12.4549
-13.1415
-13.5825
-13.0052
-13.7869
-14.1832
-14.8806
-15.5627
-15.3114
-14.1025
-13.2176
-12.1697
-11.6236
-11.3046
-11.2331
-11.4948
-11.7976
-10.6985
-10.4232
-10.3775
-9.69336
-10.0024
-11.1443
-11.5213
-12.4572
-13.2902
-14.7206
-15.2114
-15.3215
-15.5936
-16.3204
-16.3726
-16.995
-17.0014
-17.5302
-16.6501
-16.1938
-15.9576
-15.6995
-15.1847
-14.7087
-14.0275
-14.1452
-15.0597
-16.1575
-16.5739
-16.5893
-15.2669
-15.1322
-13.9333
-13.6508
-13.9041
-14.3142
-13.4972
-14.102
-13.6562
-13.4058
-12.4826
-10.7346
-10.6183
-9.77103
-9.40562
-8.44971
-8.29447
-8.5537
-7.87356
-7.58148
-6.85707
-7.21144
-7.37298
-7.83827
-7.8076
-7.88781
-8.5351
-7.83028
-7.63626
-7.15226
-6.45563
-5.24573
-4.71935
-3.74087
-4.30334
-4.38006
-6.32733
-7.3133
-7.82554
-8.0525
-7.69823
-6.33581
-5.06737
-5.36327
-5.02017
-5.03775
-5.42254
-5.44506
-5.29459
-4.77489
-4.59911
-4.98113
-5.67273
-6.19454
-7.08887
-6.34939
-6.81925
-7.76635
-7.80861
-7.73734
-7.58727
-7.14603
-6.87493
-7.57862
-8.07863
-8.53542
-9.35171
-11.3504
-12.8059
-13.1281
-13.6006
-14.0324
-14.9647
-16.4512
-17.933
-18.0066
-18.0951
-17.4948
-17.2782
-16.3512
-15.4846
-15.4642
-14.5109
-14.4251
-13.2827
-12.9357
-13.0691
-13.0137
-12.4958
-12.4411
-12.4249
-12.2366
-12.3458
-12.1039
-11.4391
-10.2634
-10.4278
-10.5366
-10.6652
-9.44547
-10.3203
-9.82484
-9.81461
-10.2345
-10.3457
-10.3262
-10.3553
-10.6274
-10.7218
-10.3232
-9.87908
-10.2585
-11.2216
-11.9105
-12.9565
-13.8128
-14.2761
-13.3333
-12.776
-13.0142
-13.6607
-13.7673
-14.3168
-15.1183
-16.0367
-15.6693
-15.3929
-16.0123
-15.5951
-15.6472
-14.6164
-14.3899
-13.4754
-12.7875
-12.7462
-12.8101
-13.4498
-13.6755
-12.6823
-12.1916
-11.4995
-11.0506
-10.6281
-11.621
-12.0696
-12.9889
-14.1544
-14.8145
-14.7069
-15.1405
-14.4915
-13.3941
-12.7262
-12.2374
-11.7529
-10.9811
-11.5667
-12.0459
-13.1241
-14.0672
-14.4726
-13.9686
-13.4676
-12.2212
-12.0137
-11.6718
-10.7625
-10.8344
-10.8467
-11.2486
-11.6861
-11.8992
-12.4807
-12.5577
-10.9708
-10.7018
-10.4315
-10.2154
-10.5128
-11.6011
-12.3322
-13.0503
-13.5013
-12.9634
-12.9889
-12.3283
-11.6005
-11.5555
-12.0534
-12.12
-12.1474
-12.0179
-11.8902
-11.9644
-11.6798
-11.3259
-11.2326
-10.8131
-11.0703
-10.927
-10.8766
-10.3564
-9.36299
-8.96506
-9.48871
-8.89526
-8.68809
-7.52149
-6.42
-5.67146
-5.03482
-5.18597
-5.60844
-5.29209
-5.53302
-5.30971
-4.22987
-4.64832
-5.51537
-5.84504
-5.2908
-5.38882
-4.94449
-5.2741
-4.95881
-5.28539
-5.17117
-5.28669
-5.57346
-5.80318
-6.43353
-7.58083
-7.46069
-7.61712
-7.47163
-8.16311
-8.30749
-7.66459
-7.20109
-7.32829
-7.59226
-8.92374
-9.89756
-10.4042
-10.9291
-10.7552
-10.593
-9.54154
-8.33779
-7.9487
-7.95221
-8.7831
-9.29119
-10.404
-10.6782
-10.5485
-10.7471
-10.7275
-10.7671
-10.6986
-9.94732
-9.80533
-9.70197
-10.5485
-11.7598
-11.1321
-11.7834
-11.509
-10.7073
-10.4792
-10.6202
-10.5324
-10.7373
-10.9176
-11.6216
-13.2951
-12.9692
-11.9397
-10.0771
-8.51205
-8.4074
-8.0201
-8.03447
-8.05822
-8.22548
-7.82916
-7.83296
-8.05925
-7.81592
-7.03867
-5.91844
-5.558
-5.42469
-5.22288
-4.79027
-3.78029
-4.72476
-6.46257
-7.80791
-8.9461
-9.64831
-10.7767
-11.5586
-11.7842
-12.0541
-12.1671
-12.3978
-12.2816
-11.3815
-10.8885
-10.082
-9.48559
-8.94309
-8.51196
-8.12656
-7.54956
-6.34736
-5.52983
-4.74635
-4.37395
-4.31802
-4.47113
-4.93224
-5.56748
-5.94961
-5.93055
-6.6671
-7.2416
-7.60506
-8.00194
-8.66345
-8.43248
-9.01089
-8.87974
-8.49423
-7.49454
-7.18491
-7.29418
-7.31236
-7.46095
-7.47469
-7.95871
-8.31616
-7.14447
-7.85217
-7.73652
-7.77411
-7.9487
-9.05155
-10.7381
-12.3218
-13.5258
-14.1646
-15.6666
-15.4939
-16.206
-17.4604
-17.9279
-17.5882
-17.438
-16.0534
-15.5125
-15.3624
-14.9617
-14.8024
-14.1762
-14.9326
-14.2962
-14.4057
-14.3169
-14.217
-14.0168
-15.2209
-16.1638
-16.4034
-17.0749
-16.7693
-16.7351
-15.5889
-14.4557
-13.9208
-13.8416
-14.0489
-14.8079
-15.8284
-15.6998
-15.6207
-15.7998
-15.1694
-14.6017
-14.2945
-14.0269
-12.2439
-11.0225
-9.7795
-9.24055
-8.9058
-8.65617
-8.00159
-7.62662
-7.00453
-6.50177
-5.147
-5.14297
-5.66823
-4.88164
-5.73138
-6.40604
-7.60023
-8.4544
-8.74926
-8.7053
-9.03215
-9.30933
-9.84881
-9.82943
-9.42915
-9.74544
-8.22882
-7.2059
-6.68851
-6.35493
-6.69112
-8.13948
-10.0936
-11.1149
-11.2438
-12.6195
-13.8101
-14.426
-14.6959
-15.0648
-16.0654
-17.2526
-18.0062
-18.71
-18.5765
-18.5405
-18.7173
-19.1487
-18.5223
-17.3344
-17.2318
-17.2759
-15.9869
-16.0781
-15.6665
-15.4293
-14.9851
-15.2405
-15.1862
-14.9576
-14.4946
-14.3063
-13.5867
-11.9162
-10.6426
-9.55866
-9.43403
-10.2672
-9.68437
-10.0546
-10.1809
-10.4893
-9.82838
-8.78149
-7.57018
-7.15549
-7.24212
-7.21015
-7.11846
-6.73823
-7.19545
-7.0082
-6.14421
-5.23788
-4.90305
-4.68932
-5.10579
-5.71802
-5.27391
-5.41866
-5.88192
-6.18479
-6.28873
-6.54394
-6.77639
-7.76649
-8.20942
-7.97162
-7.65506
-7.09396
-6.78173
-5.84453
-4.50239
-4.36619
-3.56663
-3.47383
-3.926
-4.47346
-4.45669
-4.94721
-4.79723
-5.70344
-5.63688
-5.93374
-6.91333
-8.00835
-7.32819
-6.69657
-7.30307
-7.43914
-7.86372
-7.25281
-7.18892
-6.96687
-8.28082
-9.77678
-9.59895
-9.383
-8.44008
-8.49337
-8.40354
-8.09903
-7.92273
-7.4564
-6.28141
-5.46625
-4.99768
-4.29458
-3.425
-3.58101
-3.20622
-3.5046
-4.23953
-5.30905
-5.84357
-5.74631
-6.25105
-6.4948
-6.56157
-5.4845
-5.06818
-5.67599
-4.99065
-4.64336
-4.97842
-5.41593
-6.02229
-5.76375
-6.42281
-7.46476
-7.32035
-7.09631
-7.07853
-6.15329
-6.04432
-5.42836
-4.65788
-3.94405
-4.02692
-3.08023
-2.50962
-1.92822
-2.53227
-2.54198
-3.13155
-2.70643
-2.75139
-3.48416
-5.063
-5.63687
-5.29992
-5.16027
-4.57827
-3.73313
-3.61551
-3.33588
-3.38831
-3.12911
-3.52166
-3.2445
-3.81865
-4.71414
-5.35941
-4.79984
-4.36362
-4.01136
-3.8405
-2.33479
-1.44741
-2.06303
-1.50864
-0.956609
-0.067632
1.13002
1.94519
1.33646
0.015419
-1.09647
-1.95852
-1.73988
-2.53257
-2.89143
-3.5335
-4.39349
-4.90584
-5.15929
-5.20252
-5.74234
-6.6472
-6.55588
-7.20592
-7.90049
-7.0511
-5.76681
-5.60919
-5.03066
-4.28057
-3.90658
-3.62955
-3.09236
-2.8293
-2.7614
-2.7019
-3.38379
-3.1701
-2.5412
-2.03503
-1.18408
-0.984318
0.146696
0.574151
-0.238461
-1.44207
-2.89197
-3.88759
-4.74852
-5.71687
-5.5163
-6.30844
-6.53375
-5.78984
-6.37701
-5.62955
-4.43709
-3.85164
-4.05926
-3.15347
-2.856
-3.61952
-5.01295
-5.75126
-5.76003
-5.47898
-6.0565
-6.45951
-6.01048
-6.30763
-5.77178
-5.4729
-3.5149
-2.13905
-1.89686
-2.03402
-1.43232
-1.48544
-0.854973
-0.69027
-1.00288
-1.92194
-1.21363
-1.74112
-1.54202
-2.17874
-2.82483
-3.14446
-3.48454
-3.53851
-5.49185
-6.40059
-7.60186
-8.41325
-8.88084
-9.23402
-8.54299
-8.34313
-8.04804
-7.41126
-6.60639
-6.23404
-5.31819
-5.05013
-4.05004
-3.91627
-4.07899
-3.47023
-3.53506
-3.73041
-3.90414
-4.86822
-5.71401
-5.94461
-6.26058
-6.2641
-6.61771
-6.81467
-7.13736
-7.28349
-7.24539
-7.20834
-6.59454
-6.38266
-5.13485
-5.45591
-5.67886
-6.34836
-6.64568
-6.92038
-7.35419
-7.74208
-7.23315
-7.53304
-9.26349
-9.91163
-9.2459
-8.36366
-6.77615
-6.64445
-6.56757
-6.1071
-5.54381
-6.05522
-6.08745
-6.87948
-6.82492
-5.99856
-4.69507
-3.848
-2.18721
-1.23631
-0.140229
0.481914
1.82971
1.80144
0.564554
-0.574304
-1.41759
-2.51394
-3.19688
-4.16414
-4.30112
-4.6728
-4.89489
-5.69223
-6.63499
-6.76482
-5.96651
-4.99388
-4.12558
-3.24502
-3.69377
-5.06011
-4.88913
-4.17853
-3.93749
-3.48908
-3.97907
-3.25655
-4.79191
-4.35143
-4.75783
-5.32396
-6.35839
-7.04243
-7.95812
-7.96894
-9.70709
-9.33453
-9.50647
-9.94241
-10.5941
-10.3805
-8.90434
-6.64736
-5.84603
-5.5435
-4.07039
-3.20633
-2.12824
-0.828855
-1.02698
-1.56851
-2.79071
-4.17083
-5.51736
-5.86991
-6.35823
-6.30172
-7.17581
-6.86029
-6.57646
-7.01262
-5.94724
-4.83281
-3.09695
-1.43724
-0.97879
-0.766168
-1.32379
-2.85686
-3.39155
-3.66877
-4.00578
-5.56108
-5.8433
-5.21735
-5.41421
-6.20738
-7.35538
-7.19863
-6.89173
-6.76139
-7.08738
-6.99312
-6.53572
-6.86933
-7.07488
-7.80703
-7.56797
-7.5922
-7.11953
-7.11857
-7.15527
-6.85954
-6.5039
-5.87022
-5.15933
-5.02646
-4.94852
-4.89224
-3.67249
-3.56544
-2.95712
-2.25663
-2.07767
-1.76718
-2.76576
-2.61122
-2.17561
-1.91702
-2.26632
-2.59859
-3.28807
-3.96806
-5.22578
-6.13826
-6.78207
-6.70029
-6.4422
-5.29243
-4.57123
-5.21556
-6.40329
-6.7197
-6.5788
-5.82283
-4.96891
-4.91979
-5.02656
-5.46668
-6.11885
-7.04897
-9.28856
-10.2287
-9.71473
-10.2968
-11.0881
-12.5621
-13.586
-13.6726
-13.7202
-12.9617
-13.2162
-13.3915
-12.4342
-12.1588
-11.7329
-11.4983
-11.4254
-10.9584
-10.2593
-9.96101
-9.56638
-9.26291
-8.7617
-8.13413
-7.83937
-6.05008
-4.37262
-3.9335
-3.39699
-2.41689
-1.92649
-0.737236
0.057193
-0.151475
-0.981827
-1.16469
-1.80269
-3.21681
-4.68703
-6.23207
-7.07496
-7.38117
-7.84722
-8.0798
-7.79458
-8.66183
-9.2388
-8.75241
-9.8817
-11.452
-13.3165
-13.6109
-14.7745
-14.7707
-15.1121
-15.2517
-14.2372
-14.1304
-14.8428
-14.3941
-15.203
-14.7914
-14.3239
-14.4725
-14.7107
-14.7142
-15.0201
-15.4884
-15.4958
-14.9941
-14.0102
-13.5554
-12.5156
-11.2381
-11.3711
-11.7099
-12.5303
-13.815
-14.9022
-16.1646
-16.3429
-16.5202
-17.8318
-18.7122
-17.8081
-16.3797
-15.1996
-13.9299
-13.6565
-14.6381
-14.6624
-14.8734
-15.5788
-15.2764
-15.7464
-15.5723
-14.5991
-15.3314
-15.2905
-14.8169
-14.1607
-12.7877
-11.7958
-11.1826
-11.8798
-10.9227
-10.8682
-10.3004
-9.94277
-10.0733
-10.6716
-10.7507
-9.89089
-9.19209
-8.66938
-8.42816
-8.00624
-7.55842
-6.3352
-6.13623
-5.99999
-6.41293
-6.75291
-6.48977
-6.07561
-5.08092
-3.92275
-2.90934
-2.23248
-2.34128
-1.86215
-1.8327
-2.6789
-2.74519
-3.23059
-3.0914
-3.77801
-3.87111
-4.16183
-5.02453
-5.52725
-6.19784
-6.07408
-5.81844
-5.15382
-4.80767
-5.28153
-6.074
-5.90049
-5.08553
-4.25715
-3.53598
-3.04381
-3.27806
-3.03986
-2.84458
-2.76453
-2.63344
-2.82141
-3.51519
-2.84901
-2.76302
-3.18851
-3.19631
-2.84704
-3.1544
-4.21111
-4.88045
-5.04706
-6.0485
-6.48965
-6.15194
-6.02569
-6.06019
-6.16341
-6.16004
-4.70406
-4.03054
-2.58283
-0.950664
-0.102048
0.46433
-0.003503
0.184147
-0.302595
-0.025812
-0.966349
-2.04238
-2.82645
-3.12215
-4.34084
-4.69143
-5.33302
-5.97411
-6.8014
-7.29704
-8.52018
-9.53222
-10.2749
-10.2945
-9.72
-9.51233
-8.98838
-8.32713
-7.05146
-7.02795
-6.86674
-6.66126
-6.21982
-5.67988
-5.3904
-6.88592
-7.70938
-8.30775
-9.19526
-9.67089
-10.6722
-11.6116
-11.0051
-11.0027
-10.7889
-10.3714
-11.2071
-11.3981
-12.0222
-11.5637
-10.6221
-9.83323
-9.1006
-8.58079
-6.75947
-6.42279
-6.68555
-7.20142
-7.39373
-6.57758
-7.5806
-8.80124
-9.60982
-10.1999
-10.4188
-10.5442
-10.8473
-10.2955
-9.1483
-6.61534
-3.69284
-2.88067
-1.38525
-0.197328
0.577514
1.39272
2.11765
3.16289
2.87366
2.65112
1.4648
-0.109686
-1.1431
-1.74534
-2.48766
-2.49404
-1.96497
-3.08782
-4.20249
-4.76021
-5.31642
-5.40409
-5.96156
-6.02209
-5.9452
-4.8026
-4.42732
-4.20339
-4.19735
-4.38175
-4.97552
-4.788
-4.58973
-4.45803
-4.75311
-4.86355
-4.38999
-2.91142
-1.69279
-0.784303
-0.264989
-0.178407
-0.374668
-0.435452
-0.307046
0.055303
-0.045567
-0.423342
-1.19857
-1.50928
-1.56687
-1.83985
-1.66652
-1.86722
-2.33933
-2.93225
-4.60796
-6.57583
-8.31783
-9.43141
-10.7266
-10.8786
-10.6427
-10.1281
-11.1272
-11.4605
-11.27
-10.9902
-11.0732
-11.3412
-10.9299
-10.7172
-10.8652
-10.7474
-11.8831
-12.3739
-12.6414
-12.5014
-12.8126
-12.5504
-12.742
-11.5756
-11.0059
-10.0956
-10.5846
-10.5119
-10.7519
-10.393
-11.4275
-10.9394
-10.2124
-11.259
-11.8271
-12.5431
-12.533
-12.5708
-12.2074
-13.1443
-13.0845
-13.6198
-12.3772
-12.459
-13.5401
-13.7114
-12.8115
-11.6658
-10.6428
-9.64686
-7.29588
-6.58789
-6.00079
-5.82218
-5.33848
-6.09719
-6.25619
-6.46342
-7.58697
-7.56721
-5.86772
-3.68177
-2.16734
-2.16142
-2.59795
-2.66543
-2.96219
-3.15008
-4.01949
-4.85313
-5.51029
-6.75717
-7.99353
-7.93271
-7.8469
-6.45702
-7.53811
-8.3583
-8.97228
-8.74188
-7.94345
-8.66806
-8.10252
-7.33151
-7.48322
-7.17444
-6.99895
-7.66919
-8.76408
-10.0255
-10.5523
-11.3422
-13.285
-14.8942
-15.451
-14.5704
-13.7223
-12.5545
-12.346
-11.7265
-10.728
-10.1483
-11.0921
-10.9432
-11.6365
-11.7045
-12.3172
-12.7925
-12.4114
-12.4428
-12.5233
-12.1021
-11.5798
-11.4494
-12.1282
-12.1855
-12.4691
-11.6161
-10.7345
-10.0922
-11.1307
-10.9697
-10.5705
-9.6992
-8.76114
-7.16298
-5.59539
-4.61417
-1.92817
-0.628296
1.16023
0.749042
0.023603
-0.295281
-1.40782
-3.00449
-4.63977
-6.26673
-6.90284
-8.29752
-10.7004
-12.2317
-13.4872
-13.8047
-14.5766
-15.0927
-15.4168
-16.1027
-16.5172
-16.547
-16.9354
-15.6848
-14.6357
-13.2843
-12.6841
-11.4209
-10.7483
-9.5352
-9.48005
-10.1937
-11.3505
-11.4735
-11.1969
-11.0966
-11.706
-12.6284
-14.7458
-15.6002
-15.7769
-15.6898
-15.3275
-14.5191
-15.2086
-14.5327
-13.7503
-14.2882
-14.9255
-15.675
-17.0169
-18.356
-18.8223
-18.4231
-17.808
-18.7591
-18.4784
-17.9916
-17.3045
-17.7415
-17.5973
-17.5239
-18.3937
-18.0186
-16.5124
-16.7574
-16.6919
-17.1968
-18.2132
-18.762
-18.702
-18.8753
-19.2339
-18.8731
-18.2618
-18.28
-18.2316
-18.2979
-17.7315
-17.604
-17.2557
-16.9603
-16.892
-16.1193
-16.7472
-15.9045
-15.3336
-15.1685
-15.2034
-14.7319
-12.8848
-12.6373
-12.1818
-11.6448
-11.3816
-11.446
-10.8366
-11.2455
-12.12
-12.6815
-11.9382
-11.1689
-11.101
-10.4876
-9.77163
-9.37608
-9.54426
-9.64597
-9.0939
-8.51053
-8.7666
-8.86473
-8.69215
-8.86161
-9.36897
-9.67258
-10.1288
-10.7913
-11.0945
-11.6635
-11.1515
-9.11801
-8.59758
-8.23098
-8.38602
-8.36274
-8.89169
-9.45822
-9.8538
-10.5156
-11.1936
-11.1548
-11.3441
-10.2152
-10.3359
-9.5514
-9.48985
-10.46
-11.1461
-11.1457
-11.2209
-10.5017
-9.99784
-10.923
-12.3966
-12.3205
-11.2677
-10.7314
-10.6603
-9.49344
-7.82688
-7.38944
-6.98008
-7.16049
-6.86745
-8.17241
-8.79987
-9.25098
-9.95242
-10.5693
-10.7133
-10.1873
-9.54636
-9.19492
-8.90697
-8.77496
-9.60358
-9.38361
-10.1553
-10.9806
-11.7407
-12.2205
-13.1246
-13.8809
-14.4816
-14.5029
-14.5043
-14.1876
-13.3688
-13.4222
-12.8544
-12.2353
-12.1696
-11.7474
-11.5201
-12.4353
-12.6852
-13.0872
-12.9264
-12.2146
-11.055
-10.5881
-10.316
-10.4495
-10.4664
-9.61211
-9.08737
-8.71687
-9.02743
-8.815
-9.12991
-9.76203
-10.3892
-11.5277
-12.3383
-11.0154
-11.5041
-11.3501
-10.8102
-10.0821
-10.8967
-12.4543
-13.1788
-14.2715
-14.6703
-14.2932
-12.703
-11.8198
-11.6282
-12.9257
-13.0151
-12.1352
-12.3077
-10.9417
-9.5936
-8.3403
-6.96431
-6.36156
-6.3376
-6.10446
-6.42319
-8.017
-8.3415
-7.53607
-9.21439
-10.8945
-11.9457
-11.1176
-10.5905
-10.4304
-11.267
-10.7733
-9.80212
-8.55889
-8.74312
-10.776
-11.28
-10.9658
-10.0046
-10.8693
-10.7508
-10.51
-10.4534
-10.8043
-10.7231
-9.50092
-6.51602
-4.70531
-2.72131
-2.5043
-4.06453
-4.7847
-5.41383
-5.73684
-5.059
-4.87541
-4.34992
-3.57449
-2.85556
-3.45359
-4.41064
-4.77226
-4.91709
-5.08399
-5.40067
-5.7094
-6.32337
-7.44679
-8.22135
-9.46158
-10.2476
-10.5962
-11.2999
-11.6039
-10.8015
-10.145
-9.93927
-9.73603
-9.56693
-10.5002
-10.5481
-9.73702
-9.4348
-9.41185
-9.67431
-8.85339
-8.01151
-7.92518
-7.37277
-7.21083
-6.25127
-5.33442
-5.31821
-5.50568
-4.75139
-4.22572
-4.35946
-5.27839
-5.78863
-6.94808
-7.60614
-8.23084
-9.00675
-9.1222
-9.44647
-9.24675
-9.77328
-10.2595
-10.3974
-9.99033
-10.7804
-10.5762
-10.7892
-11.7404
-11.4423
-12.143
-11.6461
-10.7035
-11.3288
-11.0429
-11.3433
-11.2394
-11.0372
-10.2421
-10.1762
-9.43381
-9.50486
-9.87886
-9.96595
-9.886
-10.6361
-12.1504
-11.8334
-10.5552
-10.3337
-10.6727
-11.2046
-12.1762
-12.7384
-13.39
-12.9576
-12.1524
-11.5096
-11.2294
-11.4848
-11.9663
-12.2151
-11.695
-11.3156
-11.1164
-11.4408
-11.2654
-11.6236
-11.1457
-10.6747
-10.2685
-10.0342
-9.80917
-10.231
-10.6043
-11.292
-11.2873
-10.331
-8.51038
-7.90688
-7.71405
-8.41587
-8.9368
-9.6043
-9.68399
-9.68533
-10.7334
-11.6396
-12.2936
-12.1908
-11.3342
-12.193
-12.5625
-11.7431
-12.3067
-12.4473
-12.7456
-12.9899
-13.2807
-13.0422
-13.5012
-13.7696
-13.7424
-14.2748
-15.0347
-14.4455
-14.3463
-13.719
-12.248
-11.5379
-11.782
-12.2057
-12.1249
-11.9804
-11.9535
-12.1976
-12.716
-13.7652
-14.9207
-15.5415
-14.59
-14.7979
-14.8475
-15.3673
-15.0156
-16.0935
-17.1383
-17.8124
-18.4621
-19.2178
-20.7849
-22.8284
-22.7023
-22.9381
-22.5181
-21.9252
-21.8939
-22.0216
-22.6159
-22.8567
-22.2224
-22.1745
-22.6419
-22.6455
-22.5648
-23.6562
-22.5875
-21.9019
-22.2578
-21.1361
-19.8585
-18.5777
-18.7949
-19.2025
-19.2228
-18.9816
-18.216
-17.4517
-17.3126
-17.3582
-17.4416
-16.7096
-16.0698
-15.5489
-14.6816
-13.4147
-12.3281
-12.3359
-12.1593
-12.0648
-11.6833
-10.4353
-8.97593
-7.92825
-8.6958
-9.09884
-9.45393
-9.03214
-8.05638
-7.72977
-7.58357
-9.33299
-10.5016
-11.1387
-11.415
-11.8585
-12.0759
-11.9779
-12.7104
-14.0105
-14.0145
-14.4911
-14.7851
-14.7224
-15.3057
-15.6011
-16.2753
-14.6835
-13.8677
-13.8865
-12.6926
-12.5488
-11.4084
-11.5524
-11.4989
-11.1176
-11.2507
-12.1664
-12.9625
-13.7843
-14.5438
-15.6016
-15.9408
-16.1736
-15.606
-14.9654
-14.768
-14.4678
-13.3845
-13.1956
-13.0701
-12.8192
-11.8169
-11.0842
-10.8456
-10.0326
-9.50626
-9.46293
-9.53743
-8.81521
-8.87388
-8.5541
-8.59197
-9.94306
-10.1467
-9.65337
-8.88815
-8.62553
-8.10671
-8.32902
-7.97616
-8.49205
-9.80163
-11.0806
-11.8552
-11.6054
-10.9
-11.5035
-11.752
-12.4908
-12.5176
-12.7548
-12.6176
-13.1808
-13.1523
-13.164
-14.8137
-15.5052
-15.8572
-15.3723
-15.5494
-16.5014
-16.5144
-16.9583
-17.3926
-17.4207
-17.7641
-16.9439
-17.0207
-16.2616
-15.525
-15.6401
-15.7015
-15.9924
-16.3002
-16.7953
-17.0418
-16.7802
-18.0352
-19.1067
-18.3476
-18.3056
-17.5324
-17.2533
-16.4642
-15.4566
-14.5064
-14.4224
-14.5624
-14.6718
-15.1527
-16.1472
-16.7171
-16.6021
-16.0959
-15.6681
-14.4548
-14.0257
-14.1992
-14.9725
-14.8844
-16.642
-17.2335
-16.3833
-16.2912
-16.9174
-16.1686
-15.9007
-14.7052
-14.8014
-15.6858
-16.2669
-16.2852
-16.5648
-16.0393
-16.0257
-15.943
-16.4837
-16.3291
-15.9711
-14.2825
-12.2164
-10.1726
-9.10245
-7.89378
-7.26154
-8.40191
-9.46275
-9.84918
-9.61526
-9.89212
-10.1306
-11.1847
-12.2386
-12.3099
-12.9422
-14.2121
-14.0573
-13.9452
-12.6233
-11.8542
-11.1661
-10.151
-9.81414
-10.0496
-10.3208
-10.3018
-11.046
-11.7715
-12.2993
-12.0684
-12.7157
-13.7495
-14.8108
-15.435
-15.405
-16.0994
-16.7999
-16.8827
-16.9522
-17.232
-17.0355
-17.0188
-17.8324
-17.593
-17.272
-17.9712
-17.9194
-18.3081
-18.5356
-18.4706
-18.1091
-18.0569
-18.1252
-17.9331
-17.4535
-18.2479
-18.385
-18.4679
-19.1965
-19.4799
-19.5555
-20.0637
-20.6294
-20.7414
-20.2784
-20.3166
-20.8642
-20.5185
-20.1126
-20.4867
-20.7867
-21.3962
-21.5589
-21.6397
-20.5203
-20.5693
-20.6196
-20.0104
-19.0165
-18.0416
-17.2487
-16.2697
-16.0904
-16.2871
-16.6051
-17.7067
-17.7478
-17.1831
-17.0821
-15.8797
-16.625
-17.3192
-18.5062
-19.9089
-19.6507
-19.8456
-20.49
-20.5813
-21.0626
-21.5358
-19.9759
-20.3664
-20.4305
-20.5472
-20.9416
-21.2169
-20.6165
-18.906
-16.7977
-15.9615
-15.283
-14.5491
-13.9846
-14.9713
-15.2164
-15.867
-15.8096
-15.6554
-15.8967
-15.7709
-15.4606
-16.4688
-16.8049
-17.0254
-16.0198
-16.6003
-16.703
-15.4786
-14.8985
-14.867
-15.0044
-15.8868
-17.1449
-18.6331
-19.8951
-20.06
-20.0304
-19.6525
-20.47
-20.7847
-20.4231
-19.9182
-18.8298
-17.4923
-15.6861
-13.8357
-12.9668
-12.6137
-11.1493
-11.2326
-12.5949
-13.8254
-14.7318
-16.759
-18.5775
-20.0271
-21.1777
-20.6136
-20.4766
-20.9304
-19.6816
-19.5643
-21.0977
-20.7154
-20.8427
-21.9986
-23.4465
-23.5421
-23.5245
-23.3646
-22.9831
-23.1335
-23.5196
-24.2248
-23.432
-22.107
-20.6474
-20.2599
-19.1968
-19.1788
-19.8527
-20.7725
-20.9438
-20.6231
-21.7679
-20.4014
-18.6318
-17.5262
-15.9266
-15.5916
-16.2568
-16.5286
-16.8144
-18.5311
-18.7278
-17.5774
-17.6878
-17.1976
-17.2198
-17.4973
-16.8313
-15.4604
-15.7375
-15.4958
-15.6619
-15.9759
-15.8647
-16.2328
-16.6593
-17.1124
-16.0569
-14.871
-13.4917
-13.6206
-14.4438
-14.201
-14.1824
-12.9323
-12.7562
-12.4417
-12.4422
-11.4122
-10.6851
-10.0824
-9.82518
-9.69221
-9.04331
-8.9632
-8.62704
-8.76165
-9.53125
-9.30655
-9.25687
-9.37975
-9.03596
-8.80831
-8.40752
-8.74445
-8.87123
-9.84644
-10.9721
-11.635
-11.656
-12.166
-13.4486
-13.8069
-14.6686
-14.4011
-14.5546
-14.4795
-14.6492
-14.6473
-14.5521
-14.8557
-14.6104
-15.7076
-16.2149
-16.5233
-15.8885
-15.2122
-15.2699
-14.8452
-15.05
-15.3107
-15.1256
-12.6419
-11.717
-10.5115
-9.47935
-8.87562
-8.67639
-9.7772
-10.4553
-11.4634
-10.435
-10.3727
-11.2216
-12.1537
-13.0006
-12.4866
-12.4142
-12.0552
-11.2463
-11.0403
-10.1826
-8.44362
-8.9936
-8.90181
-10.3459
-11.3487
-10.8293
-9.57574
-6.92499
-4.79774
-4.23313
-4.31376
-3.56144
-2.65448
-2.93431
-2.95044
-3.29092
-2.61853
-2.52891
-3.01047
-4.75891
-6.7261
-6.07891
-6.16656
-5.64089
-5.73729
-5.66189
-7.29446
-7.90296
-7.70313
-8.78278
-7.46726
-8.02764
-7.61862
-5.95641
-5.69345
-5.5849
-5.64628
-5.09636
-5.04062
-4.61738
-4.71498
-4.90937
-5.40734
-5.96577
-7.25218
-8.95841
-10.08
-9.7138
-9.36312
-9.13724
-8.6919
-7.83577
-6.26615
-4.88684
-4.47388
-3.30698
-4.02354
-3.77453
-4.89514
-5.85434
-6.38534
-8.05985
-8.14067
