50.000000000  0.000305265  0.000014212
53.300000000  0.000294936  0.000012317
56.800000000  0.000291468  0.000013445
60.400000000  0.000269354  0.000013471
64.300000000  0.000268348  0.000014470
68.300000000  0.000259732  0.000011214
72.500000000  0.000253569  0.000013440
76.800000000  0.000248546  0.000013304
81.300000000  0.000233591  0.000012778
86.100000000  0.000242814  0.000015546
91.100000000  0.000216864  0.000019743
96.500000000  0.000178052  0.000028750
102.000000000  0.000135276  0.000029256
107.800000000  0.000106315  0.000026090
113.800000000  0.000089871  0.000023922
120.100000000  0.000076337  0.000019988
126.800000000  0.000064189  0.000016644
133.700000000  0.000057898  0.000016277
140.900000000  0.000049521  0.000011340
148.500000000  0.000045270  0.000013595
156.500000000  0.000039377  0.000011835
164.700000000  0.000037831  0.000009754
173.400000000  0.000033658  0.000010086
182.500000000  0.000033254  0.000010753
192.100000000  0.000029970  0.000008902
200.000000000  0.000027966  0.000008330
