0.000000000000000000e+00
2.600019444849545401e-04
7.473396667986138830e-03
4.131367764606207194e-02
8.962739973749453415e-02
1.343077697452030039e-01
1.620080022500468842e-01
1.669213751675382162e-01
1.655813751675382084e-01
1.512279180816267221e-01
1.321011062730473584e-01
1.128609718258019312e-01
9.538748168364619140e-02
7.830733473614033546e-02
6.166051639964721665e-02
4.861374236963270090e-02
3.802031333986125028e-02
2.911357111606491938e-02
2.256685805954290747e-02
1.628013986402494090e-02
1.318010680778071778e-02
9.226740557094940259e-03
6.833390278964145137e-03
4.566704028556150055e-03
3.566696250616332216e-03
2.613354305992485714e-03
1.846681805870955444e-03
1.393345416918408044e-03
9.866755557407446645e-04
7.400063890219936305e-04
5.000044445370389803e-04
2.933363889525476310e-04
2.000020833767370064e-04
1.266675000173614579e-04
5.333402779224567222e-05
8.666750001736147496e-05
8.000055556712987778e-05
3.333361111689827055e-05
3.333375000868074513e-05
6.666666666666666647e-06
