7.675427802305392390e-05
8.933647914428994512e-05
1.619286274507128996e-04
2.443140008035910049e-04
3.586382002060071995e-04
4.758478361967182044e-04
7.019151493917820438e-04
1.056195461588035813e-03
1.519456639425810019e-03
1.971359155824502392e-03
2.772054048727121654e-03
3.778976268151747198e-03
5.149967611163101984e-03
6.657602429963794914e-03
8.415840719506743201e-03
1.039312454082932068e-02
1.280330023108180136e-02
1.428490872667383636e-02
1.502401425492469987e-02
1.431351459965150494e-02
1.158405817510588416e-02
7.652201673021228126e-03
4.867106808992574703e-03
3.573718632424160383e-03
3.396477095257556360e-03
3.299079848638981037e-03
3.406321881953685345e-03
4.480808575509608038e-03
7.409754537932461763e-03
1.132589216607267704e-02
1.521441567754019085e-02
1.748074610166492487e-02
1.864426647925215841e-02
1.870652634757560134e-02
1.744270544282271532e-02
1.586234161799127823e-02
1.386712318993374785e-02
1.172328921889185561e-02
9.658226506399308561e-03
7.984867295456528694e-03
6.308616902329115469e-03
5.091726448506811963e-03
3.869542682406434432e-03
2.879431005489052793e-03
2.317041431276473020e-03
1.720077685210384937e-03
1.260017208574748830e-03
9.180688294399448612e-04
6.501447281949503717e-04
4.896898807401075474e-04
