9.630347296337297730e-05
3.263212911093153756e-03
1.420850034265215903e-02
2.906895571508864504e-02
4.518876595894971704e-02
5.988251067840540121e-02
6.999815413016804988e-02
7.592452223109609488e-02
7.725060311476636410e-02
7.504669274925679368e-02
6.856100828602458563e-02
6.336058817995254833e-02
5.671562145971092983e-02
4.850013203358606584e-02
4.033283899185901439e-02
3.353228229772599323e-02
2.781328309394991496e-02
2.217951530313655786e-02
1.809402746482946522e-02
1.388997781338622596e-02
1.108605410246373858e-02
8.526596906549343408e-03
6.663499284654980821e-03
4.870760612246147897e-03
3.785480509068394565e-03
2.940962676635808671e-03
2.037199863048656367e-03
1.711243069147055582e-03
1.226018991047304278e-03
9.408164431224115120e-04
6.852400521499532387e-04
5.185551733687986716e-04
2.815033972288966992e-04
1.889056345825981472e-04
1.555668220583742204e-04
1.074152785237431323e-04
6.296674416316754984e-05
6.296782459336348913e-05
5.926319479331004076e-05
7.037608084176278679e-05
