0.000000000000000000e+00
0.000000000000000000e+00
0.000000000000000000e+00
0.000000000000000000e+00
1.388888888888888744e-06
0.000000000000000000e+00
1.388888888888888744e-06
1.388888888888888744e-06
0.000000000000000000e+00
5.555555555555554975e-06
1.666666666666666747e-05
2.361111111111111055e-05
6.388888888888889534e-05
6.805555555555555035e-05
1.708333333333333297e-04
3.472222222222221813e-04
6.749999999999999273e-04
1.120833333333333490e-03
2.151388888888888882e-03
3.513888888888888444e-03
5.386111111111110614e-03
7.508333333333333873e-03
8.693055555555556299e-03
6.681944444444444346e-03
2.255555555555555786e-03
2.297222222222222200e-03
1.221388888888888871e-02
3.261111111111111155e-02
4.831666666666666055e-02
5.138472222222222052e-02
4.514999999999999569e-02
3.592916666666666481e-02
2.492638888888889029e-02
1.660555555555555743e-02
1.055277777777777724e-02
6.383333333333332874e-03
3.725000000000000012e-03
2.098611111111111423e-03
1.158333333333333263e-03
6.458333333333333287e-04
3.458333333333333008e-04
1.486111111111111335e-04
5.972222222222222000e-05
4.861111111111110836e-05
2.916666666666666976e-05
1.111111111111111164e-05
4.166666666666666866e-06
1.388888888888888744e-06
0.000000000000000000e+00
0.000000000000000000e+00
