0.000000000000000000e+00
1.125000000000000000e+00
2.250000000000000000e+00
3.375000000000000000e+00
4.500000000000000000e+00
5.625000000000000000e+00
6.750000000000000000e+00
7.875000000000000000e+00
9.000000000000000000e+00
1.012500000000000000e+01
1.125000000000000000e+01
1.237500000000000000e+01
1.350000000000000000e+01
1.462500000000000000e+01
1.575000000000000000e+01
1.687500000000000000e+01
1.800000000000000000e+01
1.912500000000000000e+01
2.025000000000000000e+01
2.137500000000000000e+01
2.250000000000000000e+01
2.362500000000000000e+01
2.475000000000000000e+01
2.587500000000000000e+01
2.700000000000000000e+01
2.812500000000000000e+01
2.925000000000000000e+01
3.037500000000000000e+01
3.150000000000000000e+01
3.262500000000000000e+01
3.375000000000000000e+01
3.487500000000000000e+01
3.600000000000000000e+01
3.712500000000000000e+01
3.825000000000000000e+01
3.937500000000000000e+01
4.050000000000000000e+01
4.162500000000000000e+01
4.275000000000000000e+01
4.387500000000000000e+01
4.500000000000000000e+01
